Solver Type: Recursive
Solving Time: 237.434976639
N: 502
Cars: 39
Clustering Method: Max_Eigenvalue
Recharge Model: ConstantRate
Cost: 71166.49497103856
Solution Gap: 2.8031302849197632
Charging Stations: []
Car 1 Trajectory Node: [  0 420 365  17 403 187 276 242  69  21  38  55 106 120   0]
Car 2 Trajectory Node: [  0 390 319 109  86  66 340  45 342  99  54 357 138 472   0]
Car 3 Trajectory Node: [  0 322 323 256  62 277 305 465  36 375  15  89 430   0   0]
Car 4 Trajectory Node: [  0 459 143 172   9 190 188 279  88 224 396 376 193 301   0]
Car 5 Trajectory Node: [  0 113 476 151 482  91 352 479  46 293 480 406 219 291   0]
Car 6 Trajectory Node: [  0 287  94 249 333 442 304  50 369 139 419 325 248 462   0]
Car 7 Trajectory Node: [  0 121 418 261  26 431 380 399 284 302 389 108 311 382   0]
Car 8 Trajectory Node: [  0   6 150 478  28 353 471 334 361   0   0   0   0   0   0]
Car 9 Trajectory Node: [  0  35 129 149 464 466 110 453 240  79 122 136 116 112   0]
Car 10 Trajectory Node: [  0  93 366 200 208 346 354 203 429 373 428 307 243 414   0]
Car 11 Trajectory Node: [  0  96  87 350 232  24 313 321 454 111 134 344 183  11   0]
Car 12 Trajectory Node: [  0 474 140 145 315 226 251 345 147 198  81 385 105  44   0]
Car 13 Trajectory Node: [  0 167 268 162 163 270 146 407 218 158 202 137 100 386   0]
Car 14 Trajectory Node: [  0 416 126 456  33 168 114 278 159 128  49 404  41 275   0]
Car 15 Trajectory Node: [  0 397 212 103 485 393  82 435 220 280 101 174 253 155   0]
Car 16 Trajectory Node: [  0 160 269 392 351 135  31 377 115 436 343 185  59 470   0]
Car 17 Trajectory Node: [  0  61 244 225  71 443 439 132  67 239 329 272 290 336   0]
Car 18 Trajectory Node: [  0  22 440 180 255  27  68 320  56 196 192 177  97 303   0]
Car 19 Trajectory Node: [  0 104 260 368 463 299  78 360  30 494 214 306  43 289   0]
Car 20 Trajectory Node: [  0 166 341 119 210 176 367 148 194 107  70  32 317  39   0]
Car 21 Trajectory Node: [  0   5 274 493 262 455 450 294 314 483 236 401 398 297   0]
Car 22 Trajectory Node: [  0 355  29 191 199 125 231  40  19 123 438 434 379 124   0]
Car 23 Trajectory Node: [  0 173 496 500 381 264 432 489 383  48  60 241 486 417   0]
Car 24 Trajectory Node: [  0 201 487 388 499 378 501 207 237 204 338 189  12 271   0]
Car 25 Trajectory Node: [  0 182 356  13 179  63  14 157   1 144  98 446  95 273   0]
Car 26 Trajectory Node: [  0 467 164   2 298 358  51 296 469 412 169 427 156 437   0]
Car 27 Trajectory Node: [  0  18 318  10 371 424 152 233 415  84 127  57 117  80   0]
Car 28 Trajectory Node: [  0 216 498 458 324 433  77 395 181 331 286 473 288 335   0]
Car 29 Trajectory Node: [  0 228 444 451 186 408 448 130 234 400  20 131 141 422   0]
Car 30 Trajectory Node: [  0 238 205 283 330  92 457 227 328 235 229 292 118 452   0]
Car 31 Trajectory Node: [  0 372 423  65 327 348  34   8 402 178 230 285 413 175   0]
Car 32 Trajectory Node: [  0 254  53  83 282  76 197 339 133 221  23 195  85 349   0]
Car 33 Trajectory Node: [  0 246 477 281 491 347 295 445  90 170 161 184 490 259   0]
Car 34 Trajectory Node: [  0  58 332 362 252  73 142  42 245 447 384 370 411 267   0]
Car 35 Trajectory Node: [  0 171 484  47 266 488 495 425 257 481 409 247 426 310   0]
Car 36 Trajectory Node: [  0 394  74   3  72 316 461 326  16 165 263 364 211 258   0]
Car 37 Trajectory Node: [  0 102  75 215 154 213 421  25 410   4  52 475 405   7   0]
Car 38 Trajectory Node: [  0 337 497 441 209 308 265 492 391 387 217 250  64 206   0]
Car 39 Trajectory Node: [  0 363 312 374 153 468 300 359 309 222  37 460 223 449   0]
Car 1 Time: [   0.          738.52420407  741.52420407  754.56260888  760.64537141
  765.11750737  811.12837565  826.12837565  858.77803108  884.01689001
  901.22154055  929.29287824  939.73318475  942.89546241 1670.09557242]
Car 2 Time: [   0.          845.9314393   849.53699058  861.90630745  869.9685652
  885.23290273  896.00323234  907.18357223  916.61755336  924.67981111
  938.99763217  954.52180687  984.06838027 1001.09776664 1831.97441212]
Car 3 Time: [   0.          976.20131121  999.97103985 1031.59381646 1067.84295438
 1082.16077544 1094.53009232 1116.66603594 1136.59089478 1160.79833166
 1195.16401221 1268.51931195 1380.66653662 2380.859518      0.        ]
Car 4 Time: [   0.          553.86370165  584.86370165  636.40979752  696.07553308
  744.16919171  772.59453251  792.61951691  818.79202157  840.81473711
  854.81473711  887.0637681   919.3127991   959.42514134 1532.19734737]
Car 5 Time: [   0.          875.04628449  923.88274628  946.35495133  971.0531294
 1003.62612435 1013.52561929 1034.54941533 1060.54941533 1100.59938412
 1108.21515723 1156.91833987 1176.15372394 1178.38979191 2072.96231552]
Car 6 Time: [   0.          889.38686745  895.78999169  897.78999169  908.97033158
  911.20639956  918.82217266  939.91719577  946.6253997   949.78767736
  953.91078299  961.5265561   982.04484063 1001.1498138  1909.45868197]
Car 7 Time: [   0.          943.1659451   950.78171821  953.61014533  965.81670095
  981.84792049  990.39192424  993.39192424  996.22035136 1008.38587642
 1017.44126156 1020.60353922 1038.6312956  1045.03441983 1984.4778721 ]
Car 8 Time: [   0.          448.93763487  715.67533374  811.49286867  850.6080831
  896.14927325  948.6278403  1053.73730705 1256.83334345 2158.08192181
    0.            0.            0.            0.            0.        ]
Car 9 Time: [   0.          954.65176897  964.13860195  985.97893162 1002.13442604
 1006.25753167 1020.47020207 1038.90929098 1055.18811158 1083.78881087
 1088.88783039 1102.30423825 1109.37530606 1118.8092872  2068.12746357]
Car 10 Time: [   0.          276.2118752   465.2780012   488.47282821  524.5422058
  538.47059408  573.82593314  589.05747935  645.88176993  703.50988806
  770.7780083   808.79116392  847.73984811  895.12127907 1349.70900437]
Car 11 Time: [   0.          913.01971501  918.01971501  931.05811982  938.33822971
  946.33822971  949.50050737  958.50050737  964.82506269  967.06113067
  984.55398635 1007.55398635 1030.37941077 1046.5349052  1963.79713597]
Car 12 Time: [   0.          595.73903683  597.15325039  618.17704643  624.88525036
  633.48757563  639.89069987  646.5989038   666.52376265  669.68604031
  679.68604031  682.84831797  711.96875752  730.99505511 1324.69278966]
Car 13 Time: [   0.          656.98249596  683.90832     700.93770636  740.76232187
  755.52714493  830.49380418  910.99225137  933.46445643  978.81861831
 1043.37866788 1090.67560224 1136.4686148  1155.25690903 1832.5987725 ]
Car 14 Time: [   0.          744.87918483  767.87918483  779.92077941  810.80766984
  828.49947585  842.64161147  845.64161147  873.10067191  889.3794925
  892.54177016  908.06594486  962.62783632 1031.51179672 1758.26140972]
Car 15 Time: [   0.          830.76952279  840.25635577  857.22691852  873.03830682
  897.45141805  911.34386204  913.34386204  934.60415367  951.09657617
  972.12037221 1013.98921504 1058.37389709 1073.6054433  1871.85477778]
Car 16 Time: [   0.          713.37647845  725.03838224  738.07678705  754.83984166
  765.61017127  792.81311229  863.84127572  914.37839079  985.06077898
 1033.85627058 1036.6846977  1067.0491506  1089.40983038 1804.31192158]
Car 17 Time: [   0.          968.22776246  988.0771957  1000.60715979 1010.09399277
 1045.15108905 1052.96133873 1057.08444436 1083.08444436 1101.11220073
 1129.7652983  1149.56428817 1165.59550771 1170.06764367 2133.13877292]
Car 18 Time: [   0.          581.24865591  586.90551016  618.3061471   631.11239557
  638.39250546  652.32089374  666.88111352  683.88111352  686.1171815
  716.9230251   741.00621425  767.68954238  790.71127125 1376.68055372]
Car 19 Time: [   0.          887.87611748  911.19992506  919.74392881  927.80618656
  929.22040012  944.84089947  956.15460797  966.92493759 1005.97618596
 1055.37254211 1061.45530464 1066.45530464 1086.38016348 1964.74455256]
Car 20 Time: [   0.          691.71164512  711.71164512  724.86459156  737.23390844
  751.9987315   760.54273524  769.59812038  783.63378923  814.77861223
  836.71032443  869.23723637  893.42400961  909.91643212 1631.54860989]
Car 21 Time: [   0.          961.39325981  971.24211761  975.36522323  995.98075136
 1003.05181917 1011.11407692 1016.11407692 1024.17633467 1044.27608591
 1068.04581456 1074.12857709 1118.68191591 1145.97660404 2113.17306805]
Car 22 Time: [   0.          708.64448068  751.9226507   761.40948368  779.43724006
  804.03398781  830.43474537  901.26552964  903.50159762  931.51944907
  998.98796024 1017.01571662 1039.57674497 1086.61927891 1763.22921085]
Car 23 Time: [   0.          938.57445096  943.57445096  955.94376784  966.38407435
  972.21502624  976.6871622  1003.70567437 1005.94174235 1027.52877549
 1030.35720262 1048.24574644 1054.07669833 1070.56912084 2021.90607481]
Car 24 Time: [   0.          786.20735178  814.22520324  838.24602754  847.46557199
  859.99553608  878.02329246  973.84082739  997.25022721 1011.81044699
 1051.01503855 1087.90677205 1100.43673613 1118.82151244 1937.18390161]
Car 25 Time: [   0.          889.56899676  909.81745349  912.97973115  917.45186711
  928.49722813  943.79428667  949.62523856  953.23078984  968.36353579
  976.17378546  980.17378546  988.65906684 1019.12215926 1919.15771411]
Car 26 Time: [   0.          647.65422874  653.31108299  668.83525768  669.83525768
  689.25174552  704.51608304  721.54546941  728.61653722  750.70725926
  760.19409224  770.19409224  783.23249705  790.51260694 1434.66864393]
Car 27 Time: [   0.          982.54567324 1006.5873038  1011.5873038  1019.64956155
 1036.76680432 1049.80520913 1066.80520913 1069.96748679 1094.48278813
 1123.75735047 1135.96390608 1165.17006982 1176.57182407 2155.02059636]
Car 28 Time: [   0.          452.29415207  492.11876758  501.55274871  532.35859231
  565.00824775  599.06702048  603.06702048  651.07743601  653.31350399
  668.93400334  743.34502403  780.22320186  832.30966843 1298.41695222]
Car 29 Time: [   0.          676.23220864  698.25492418  702.37802981  713.5583697
  727.87619076  752.04228271  781.45316505  793.15786496  803.20774058
  819.20774058  820.62195414  829.67733928  847.70509566 1544.70581302]
Car 30 Time: [   0.          827.93357221  837.98344784  848.27907798  849.69329154
  851.69329154  877.94210104  905.14504205  936.20949119  946.9798208
  958.64172459  967.18572834  983.46454893 1005.66815224 1828.28106243]
Car 31 Time: [   0.          989.15772251 1005.28223801 1021.4067535  1048.86581394
 1064.99032943 1087.46253449 1103.61802891 1118.91508745 1138.15047151
 1165.93535949 1181.1669057  1205.35367895 1233.67328347 2216.42045339]
Car 32 Time: [   0.          618.56770042  625.77880297  641.77880297  645.77880297
  648.60723009  661.25634073  664.86189201  673.10810326  689.66104862
  698.88059308  709.51073889  721.51073889  745.59392805 1363.59473711]
Car 33 Time: [   0.          885.62125087  890.62125087  893.78352853  906.5114506
  920.65358622  922.8896542   939.04514862  954.17789457  964.17789457
  969.56305938  984.12327915 1018.95142869 1029.00130431 1912.86554728]
Car 34 Time: [   0.          905.56336057  907.79942854  917.99746757  918.99746757
  936.80196139  944.08207127  961.08207127  966.46723608  984.49499246
  994.93529897 1016.31285729 1047.32898213 1055.9313074  1952.96753855]
Car 35 Time: [   0.          647.14836012  664.11892286  670.5220471   677.5220471
  679.75811508  686.46631901  700.39470729  711.0248531   736.32307438
  749.32307438  760.32307438  764.44618001  779.74323855 1452.68082852]
Car 36 Time: [   0.          934.67908931  945.11939582  949.24250145  953.24250145
  958.24250145  964.32526398  980.87820934  995.30041444 1009.72261954
 1014.19475549 1027.34770193 1033.75082617 1045.45552608 1983.26680774]
Car 37 Time: [   0.          590.05847168  619.12735539  630.52910964  656.02420721
  670.02420721  687.14144997  733.23917226  765.99585097  807.48078799
  808.89500156  853.30220818  856.46448584  924.20664406 1520.58655653]
Car 38 Time: [   0.          873.73279668  900.8989521   929.18322335  953.69852469
  972.9078974   981.39317878  989.99550404  995.99550404 1009.92389232
 1024.24171338 1026.24171338 1035.29709852 1046.69885277 1923.44853199]
Car 39 Time: [   0.          843.09904519  879.32058574  917.60896518  989.78929491
 1021.18993185 1049.18993185 1074.89985211 1084.94972773 1171.26311024
 1232.14003526 1311.89591279 1341.72878057 1424.49350735 2205.347527  ]
Car 1 Energy: [100. 100. 100. 100. 100. 100. 100. 100. 100. 100. 100. 100. 100. 100.
 100.]
Car 2 Energy: [100. 100. 100. 100. 100. 100. 100. 100. 100. 100. 100. 100. 100. 100.
 100.]
Car 3 Energy: [100. 100. 100. 100. 100. 100. 100. 100. 100. 100. 100. 100. 100. 100.
   0.]
Car 4 Energy: [100. 100. 100. 100. 100. 100. 100. 100. 100. 100. 100. 100. 100. 100.
 100.]
Car 5 Energy: [100. 100. 100. 100. 100. 100. 100. 100. 100. 100. 100. 100. 100. 100.
 100.]
Car 6 Energy: [100. 100. 100. 100. 100. 100. 100. 100. 100. 100. 100. 100. 100. 100.
 100.]
Car 7 Energy: [100. 100. 100. 100. 100. 100. 100. 100. 100. 100. 100. 100. 100. 100.
 100.]
Car 8 Energy: [100. 100. 100. 100. 100. 100. 100. 100. 100. 100.   0.   0.   0.   0.
   0.]
Car 9 Energy: [100. 100. 100. 100. 100. 100. 100. 100. 100. 100. 100. 100. 100. 100.
 100.]
Car 10 Energy: [100. 100. 100. 100. 100. 100. 100. 100. 100. 100. 100. 100. 100. 100.
 100.]
Car 11 Energy: [100. 100. 100. 100. 100. 100. 100. 100. 100. 100. 100. 100. 100. 100.
 100.]
Car 12 Energy: [100. 100. 100. 100. 100. 100. 100. 100. 100. 100. 100. 100. 100. 100.
 100.]
Car 13 Energy: [100. 100. 100. 100. 100. 100. 100. 100. 100. 100. 100. 100. 100. 100.
 100.]
Car 14 Energy: [100. 100. 100. 100. 100. 100. 100. 100. 100. 100. 100. 100. 100. 100.
 100.]
Car 15 Energy: [100. 100. 100. 100. 100. 100. 100. 100. 100. 100. 100. 100. 100. 100.
 100.]
Car 16 Energy: [100. 100. 100. 100. 100. 100. 100. 100. 100. 100. 100. 100. 100. 100.
 100.]
Car 17 Energy: [100. 100. 100. 100. 100. 100. 100. 100. 100. 100. 100. 100. 100. 100.
 100.]
Car 18 Energy: [100. 100. 100. 100. 100. 100. 100. 100. 100. 100. 100. 100. 100. 100.
 100.]
Car 19 Energy: [100. 100. 100. 100. 100. 100. 100. 100. 100. 100. 100. 100. 100. 100.
 100.]
Car 20 Energy: [100. 100. 100. 100. 100. 100. 100. 100. 100. 100. 100. 100. 100. 100.
 100.]
Car 21 Energy: [100. 100. 100. 100. 100. 100. 100. 100. 100. 100. 100. 100. 100. 100.
 100.]
Car 22 Energy: [100. 100. 100. 100. 100. 100. 100. 100. 100. 100. 100. 100. 100. 100.
 100.]
Car 23 Energy: [100. 100. 100. 100. 100. 100. 100. 100. 100. 100. 100. 100. 100. 100.
 100.]
Car 24 Energy: [100. 100. 100. 100. 100. 100. 100. 100. 100. 100. 100. 100. 100. 100.
 100.]
Car 25 Energy: [100. 100. 100. 100. 100. 100. 100. 100. 100. 100. 100. 100. 100. 100.
 100.]
Car 26 Energy: [100. 100. 100. 100. 100. 100. 100. 100. 100. 100. 100. 100. 100. 100.
 100.]
Car 27 Energy: [100. 100. 100. 100. 100. 100. 100. 100. 100. 100. 100. 100. 100. 100.
 100.]
Car 28 Energy: [100. 100. 100. 100. 100. 100. 100. 100. 100. 100. 100. 100. 100. 100.
 100.]
Car 29 Energy: [100. 100. 100. 100. 100. 100. 100. 100. 100. 100. 100. 100. 100. 100.
 100.]
Car 30 Energy: [100. 100. 100. 100. 100. 100. 100. 100. 100. 100. 100. 100. 100. 100.
 100.]
Car 31 Energy: [100. 100. 100. 100. 100. 100. 100. 100. 100. 100. 100. 100. 100. 100.
 100.]
Car 32 Energy: [100. 100. 100. 100. 100. 100. 100. 100. 100. 100. 100. 100. 100. 100.
 100.]
Car 33 Energy: [100. 100. 100. 100. 100. 100. 100. 100. 100. 100. 100. 100. 100. 100.
 100.]
Car 34 Energy: [100. 100. 100. 100. 100. 100. 100. 100. 100. 100. 100. 100. 100. 100.
 100.]
Car 35 Energy: [100. 100. 100. 100. 100. 100. 100. 100. 100. 100. 100. 100. 100. 100.
 100.]
Car 36 Energy: [100. 100. 100. 100. 100. 100. 100. 100. 100. 100. 100. 100. 100. 100.
 100.]
Car 37 Energy: [100. 100. 100. 100. 100. 100. 100. 100. 100. 100. 100. 100. 100. 100.
 100.]
Car 38 Energy: [100. 100. 100. 100. 100. 100. 100. 100. 100. 100. 100. 100. 100. 100.
 100.]
Car 39 Energy: [100. 100. 100. 100. 100. 100. 100. 100. 100. 100. 100. 100. 100. 100.
 100.]
Car 1 Uncertain Time: [   0.          738.52420407  741.52420407  754.56260888  760.64537141
  765.11750737  811.12837565  826.12837565  858.77803108  884.01689001
  901.22154055  929.29287824  939.73318475  942.89546241 1670.09557242]
Car 2 Uncertain Time: [   0.          845.9314393   849.53699058  861.90630745  869.9685652
  885.23290273  896.00323234  907.18357223  916.61755336  924.67981111
  938.99763217  954.52180687  984.06838027 1001.09776664 1831.97441212]
Car 3 Uncertain Time: [   0.          976.20131121  999.97103985 1031.59381646 1067.84295438
 1082.16077544 1094.53009232 1116.66603594 1136.59089478 1160.79833166
 1195.16401221 1268.51931195 1380.66653662 2380.859518      0.        ]
Car 4 Uncertain Time: [   0.          553.86370165  584.86370165  636.40979752  696.07553308
  744.16919171  772.59453251  792.61951691  818.79202157  840.81473711
  854.81473711  887.0637681   919.3127991   959.42514134 1532.19734737]
Car 5 Uncertain Time: [   0.          875.04628449  923.88274628  946.35495133  971.0531294
 1003.62612435 1013.52561929 1034.54941533 1060.54941533 1100.59938412
 1108.21515723 1156.91833987 1176.15372394 1178.38979191 2072.96231552]
Car 6 Uncertain Time: [   0.          889.38686745  895.78999169  897.78999169  908.97033158
  911.20639956  918.82217266  939.91719577  946.6253997   949.78767736
  953.91078299  961.5265561   982.04484063 1001.1498138  1909.45868197]
Car 7 Uncertain Time: [   0.          943.1659451   950.78171821  953.61014533  965.81670095
  981.84792049  990.39192424  993.39192424  996.22035136 1008.38587642
 1017.44126156 1020.60353922 1038.6312956  1045.03441983 1984.4778721 ]
Car 8 Uncertain Time: [   0.          448.93763487  715.67533374  811.49286867  850.6080831
  896.14927325  948.6278403  1053.73730705 1256.83334345 2158.08192181
    0.            0.            0.            0.            0.        ]
Car 9 Uncertain Time: [   0.          954.65176897  964.13860195  985.97893162 1002.13442604
 1006.25753167 1020.47020207 1038.90929098 1055.18811158 1083.78881087
 1088.88783039 1102.30423825 1109.37530606 1118.8092872  2068.12746357]
Car 10 Uncertain Time: [   0.          276.2118752   465.2780012   488.47282821  524.5422058
  538.47059408  573.82593314  589.05747935  645.88176993  703.50988806
  770.7780083   808.79116392  847.73984811  895.12127907 1349.70900437]
Car 11 Uncertain Time: [   0.          913.01971501  918.01971501  931.05811982  938.33822971
  946.33822971  949.50050737  958.50050737  964.82506269  967.06113067
  984.55398635 1007.55398635 1030.37941077 1046.5349052  1963.79713597]
Car 12 Uncertain Time: [   0.          595.73903683  597.15325039  618.17704643  624.88525036
  633.48757563  639.89069987  646.5989038   666.52376265  669.68604031
  679.68604031  682.84831797  711.96875752  730.99505511 1324.69278966]
Car 13 Uncertain Time: [   0.          656.98249596  683.90832     700.93770636  740.76232187
  755.52714493  830.49380418  910.99225137  933.46445643  978.81861831
 1043.37866788 1090.67560224 1136.4686148  1155.25690903 1832.5987725 ]
Car 14 Uncertain Time: [   0.          744.87918483  767.87918483  779.92077941  810.80766984
  828.49947585  842.64161147  845.64161147  873.10067191  889.3794925
  892.54177016  908.06594486  962.62783632 1031.51179672 1758.26140972]
Car 15 Uncertain Time: [   0.          830.76952279  840.25635577  857.22691852  873.03830682
  897.45141805  911.34386204  913.34386204  934.60415367  951.09657617
  972.12037221 1013.98921504 1058.37389709 1073.6054433  1871.85477778]
Car 16 Uncertain Time: [   0.          713.37647845  725.03838224  738.07678705  754.83984166
  765.61017127  792.81311229  863.84127572  914.37839079  985.06077898
 1033.85627058 1036.6846977  1067.0491506  1089.40983038 1804.31192158]
Car 17 Uncertain Time: [   0.          968.22776246  988.0771957  1000.60715979 1010.09399277
 1045.15108905 1052.96133873 1057.08444436 1083.08444436 1101.11220073
 1129.7652983  1149.56428817 1165.59550771 1170.06764367 2133.13877292]
Car 18 Uncertain Time: [   0.          581.24865591  586.90551016  618.3061471   631.11239557
  638.39250546  652.32089374  666.88111352  683.88111352  686.1171815
  716.9230251   741.00621425  767.68954238  790.71127125 1376.68055372]
Car 19 Uncertain Time: [   0.          887.87611748  911.19992506  919.74392881  927.80618656
  929.22040012  944.84089947  956.15460797  966.92493759 1005.97618596
 1055.37254211 1061.45530464 1066.45530464 1086.38016348 1964.74455256]
Car 20 Uncertain Time: [   0.          691.71164512  711.71164512  724.86459156  737.23390844
  751.9987315   760.54273524  769.59812038  783.63378923  814.77861223
  836.71032443  869.23723637  893.42400961  909.91643212 1631.54860989]
Car 21 Uncertain Time: [   0.          961.39325981  971.24211761  975.36522323  995.98075136
 1003.05181917 1011.11407692 1016.11407692 1024.17633467 1044.27608591
 1068.04581456 1074.12857709 1118.68191591 1145.97660404 2113.17306805]
Car 22 Uncertain Time: [   0.          708.64448068  751.9226507   761.40948368  779.43724006
  804.03398781  830.43474537  901.26552964  903.50159762  931.51944907
  998.98796024 1017.01571662 1039.57674497 1086.61927891 1763.22921085]
Car 23 Uncertain Time: [   0.          938.57445096  943.57445096  955.94376784  966.38407435
  972.21502624  976.6871622  1003.70567437 1005.94174235 1027.52877549
 1030.35720262 1048.24574644 1054.07669833 1070.56912084 2021.90607481]
Car 24 Uncertain Time: [   0.          786.20735178  814.22520324  838.24602754  847.46557199
  859.99553608  878.02329246  973.84082739  997.25022721 1011.81044699
 1051.01503855 1087.90677205 1100.43673613 1118.82151244 1937.18390161]
Car 25 Uncertain Time: [   0.          889.56899676  909.81745349  912.97973115  917.45186711
  928.49722813  943.79428667  949.62523856  953.23078984  968.36353579
  976.17378546  980.17378546  988.65906684 1019.12215926 1919.15771411]
Car 26 Uncertain Time: [   0.          647.65422874  653.31108299  668.83525768  669.83525768
  689.25174552  704.51608304  721.54546941  728.61653722  750.70725926
  760.19409224  770.19409224  783.23249705  790.51260694 1434.66864393]
Car 27 Uncertain Time: [   0.          982.54567324 1006.5873038  1011.5873038  1019.64956155
 1036.76680432 1049.80520913 1066.80520913 1069.96748679 1094.48278813
 1123.75735047 1135.96390608 1165.17006982 1176.57182407 2155.02059636]
Car 28 Uncertain Time: [   0.          452.29415207  492.11876758  501.55274871  532.35859231
  565.00824775  599.06702048  603.06702048  651.07743601  653.31350399
  668.93400334  743.34502403  780.22320186  832.30966843 1298.41695222]
Car 29 Uncertain Time: [   0.          676.23220864  698.25492418  702.37802981  713.5583697
  727.87619076  752.04228271  781.45316505  793.15786496  803.20774058
  819.20774058  820.62195414  829.67733928  847.70509566 1544.70581302]
Car 30 Uncertain Time: [   0.          827.93357221  837.98344784  848.27907798  849.69329154
  851.69329154  877.94210104  905.14504205  936.20949119  946.9798208
  958.64172459  967.18572834  983.46454893 1005.66815224 1828.28106243]
Car 31 Uncertain Time: [   0.          989.15772251 1005.28223801 1021.4067535  1048.86581394
 1064.99032943 1087.46253449 1103.61802891 1118.91508745 1138.15047151
 1165.93535949 1181.1669057  1205.35367895 1233.67328347 2216.42045339]
Car 32 Uncertain Time: [   0.          618.56770042  625.77880297  641.77880297  645.77880297
  648.60723009  661.25634073  664.86189201  673.10810326  689.66104862
  698.88059308  709.51073889  721.51073889  745.59392805 1363.59473711]
Car 33 Uncertain Time: [   0.          885.62125087  890.62125087  893.78352853  906.5114506
  920.65358622  922.8896542   939.04514862  954.17789457  964.17789457
  969.56305938  984.12327915 1018.95142869 1029.00130431 1912.86554728]
Car 34 Uncertain Time: [   0.          905.56336057  907.79942854  917.99746757  918.99746757
  936.80196139  944.08207127  961.08207127  966.46723608  984.49499246
  994.93529897 1016.31285729 1047.32898213 1055.9313074  1952.96753855]
Car 35 Uncertain Time: [   0.          647.14836012  664.11892286  670.5220471   677.5220471
  679.75811508  686.46631901  700.39470729  711.0248531   736.32307438
  749.32307438  760.32307438  764.44618001  779.74323855 1452.68082852]
Car 36 Uncertain Time: [   0.          934.67908931  945.11939582  949.24250145  953.24250145
  958.24250145  964.32526398  980.87820934  995.30041444 1009.72261954
 1014.19475549 1027.34770193 1033.75082617 1045.45552608 1983.26680774]
Car 37 Uncertain Time: [   0.          590.05847168  619.12735539  630.52910964  656.02420721
  670.02420721  687.14144997  733.23917226  765.99585097  807.48078799
  808.89500156  853.30220818  856.46448584  924.20664406 1520.58655653]
Car 38 Uncertain Time: [   0.          873.73279668  900.8989521   929.18322335  953.69852469
  972.9078974   981.39317878  989.99550404  995.99550404 1009.92389232
 1024.24171338 1026.24171338 1035.29709852 1046.69885277 1923.44853199]
Car 39 Uncertain Time: [   0.          843.09904519  879.32058574  917.60896518  989.78929491
 1021.18993185 1049.18993185 1074.89985211 1084.94972773 1171.26311024
 1232.14003526 1311.89591279 1341.72878057 1424.49350735 2205.347527  ]
Car 1 UncertainEnergy: [100. 100. 100. 100. 100. 100. 100. 100. 100. 100. 100. 100. 100. 100.
 100.]
Car 2 UncertainEnergy: [100. 100. 100. 100. 100. 100. 100. 100. 100. 100. 100. 100. 100. 100.
 100.]
Car 3 UncertainEnergy: [100. 100. 100. 100. 100. 100. 100. 100. 100. 100. 100. 100. 100. 100.
   0.]
Car 4 UncertainEnergy: [100. 100. 100. 100. 100. 100. 100. 100. 100. 100. 100. 100. 100. 100.
 100.]
Car 5 UncertainEnergy: [100. 100. 100. 100. 100. 100. 100. 100. 100. 100. 100. 100. 100. 100.
 100.]
Car 6 UncertainEnergy: [100. 100. 100. 100. 100. 100. 100. 100. 100. 100. 100. 100. 100. 100.
 100.]
Car 7 UncertainEnergy: [100. 100. 100. 100. 100. 100. 100. 100. 100. 100. 100. 100. 100. 100.
 100.]
Car 8 UncertainEnergy: [100. 100. 100. 100. 100. 100. 100. 100. 100. 100.   0.   0.   0.   0.
   0.]
Car 9 UncertainEnergy: [100. 100. 100. 100. 100. 100. 100. 100. 100. 100. 100. 100. 100. 100.
 100.]
Car 10 UncertainEnergy: [100. 100. 100. 100. 100. 100. 100. 100. 100. 100. 100. 100. 100. 100.
 100.]
Car 11 UncertainEnergy: [100. 100. 100. 100. 100. 100. 100. 100. 100. 100. 100. 100. 100. 100.
 100.]
Car 12 UncertainEnergy: [100. 100. 100. 100. 100. 100. 100. 100. 100. 100. 100. 100. 100. 100.
 100.]
Car 13 UncertainEnergy: [100. 100. 100. 100. 100. 100. 100. 100. 100. 100. 100. 100. 100. 100.
 100.]
Car 14 UncertainEnergy: [100. 100. 100. 100. 100. 100. 100. 100. 100. 100. 100. 100. 100. 100.
 100.]
Car 15 UncertainEnergy: [100. 100. 100. 100. 100. 100. 100. 100. 100. 100. 100. 100. 100. 100.
 100.]
Car 16 UncertainEnergy: [100. 100. 100. 100. 100. 100. 100. 100. 100. 100. 100. 100. 100. 100.
 100.]
Car 17 UncertainEnergy: [100. 100. 100. 100. 100. 100. 100. 100. 100. 100. 100. 100. 100. 100.
 100.]
Car 18 UncertainEnergy: [100. 100. 100. 100. 100. 100. 100. 100. 100. 100. 100. 100. 100. 100.
 100.]
Car 19 UncertainEnergy: [100. 100. 100. 100. 100. 100. 100. 100. 100. 100. 100. 100. 100. 100.
 100.]
Car 20 UncertainEnergy: [100. 100. 100. 100. 100. 100. 100. 100. 100. 100. 100. 100. 100. 100.
 100.]
Car 21 UncertainEnergy: [100. 100. 100. 100. 100. 100. 100. 100. 100. 100. 100. 100. 100. 100.
 100.]
Car 22 UncertainEnergy: [100. 100. 100. 100. 100. 100. 100. 100. 100. 100. 100. 100. 100. 100.
 100.]
Car 23 UncertainEnergy: [100. 100. 100. 100. 100. 100. 100. 100. 100. 100. 100. 100. 100. 100.
 100.]
Car 24 UncertainEnergy: [100. 100. 100. 100. 100. 100. 100. 100. 100. 100. 100. 100. 100. 100.
 100.]
Car 25 UncertainEnergy: [100. 100. 100. 100. 100. 100. 100. 100. 100. 100. 100. 100. 100. 100.
 100.]
Car 26 UncertainEnergy: [100. 100. 100. 100. 100. 100. 100. 100. 100. 100. 100. 100. 100. 100.
 100.]
Car 27 UncertainEnergy: [100. 100. 100. 100. 100. 100. 100. 100. 100. 100. 100. 100. 100. 100.
 100.]
Car 28 UncertainEnergy: [100. 100. 100. 100. 100. 100. 100. 100. 100. 100. 100. 100. 100. 100.
 100.]
Car 29 UncertainEnergy: [100. 100. 100. 100. 100. 100. 100. 100. 100. 100. 100. 100. 100. 100.
 100.]
Car 30 UncertainEnergy: [100. 100. 100. 100. 100. 100. 100. 100. 100. 100. 100. 100. 100. 100.
 100.]
Car 31 UncertainEnergy: [100. 100. 100. 100. 100. 100. 100. 100. 100. 100. 100. 100. 100. 100.
 100.]
Car 32 UncertainEnergy: [100. 100. 100. 100. 100. 100. 100. 100. 100. 100. 100. 100. 100. 100.
 100.]
Car 33 UncertainEnergy: [100. 100. 100. 100. 100. 100. 100. 100. 100. 100. 100. 100. 100. 100.
 100.]
Car 34 UncertainEnergy: [100. 100. 100. 100. 100. 100. 100. 100. 100. 100. 100. 100. 100. 100.
 100.]
Car 35 UncertainEnergy: [100. 100. 100. 100. 100. 100. 100. 100. 100. 100. 100. 100. 100. 100.
 100.]
Car 36 UncertainEnergy: [100. 100. 100. 100. 100. 100. 100. 100. 100. 100. 100. 100. 100. 100.
 100.]
Car 37 UncertainEnergy: [100. 100. 100. 100. 100. 100. 100. 100. 100. 100. 100. 100. 100. 100.
 100.]
Car 38 UncertainEnergy: [100. 100. 100. 100. 100. 100. 100. 100. 100. 100. 100. 100. 100. 100.
 100.]
Car 39 UncertainEnergy: [100. 100. 100. 100. 100. 100. 100. 100. 100. 100. 100. 100. 100. 100.
 100.]
