Solver Type: Recursive
N: 502
Cars: 39
Clustering Method: Greedy_Method
Recharge Model: ConstantRate
Cost: 70906.02876812998
Charging Stations: []
Car 1 Trajectory Node: [  0 465  65 327  34 348  15  89 375  36 305 277  62 256   0]
Car 2 Trajectory Node: [  0 323 322 372 423 285 175  48  60  30 241 486 417 494   0]
Car 3 Trajectory Node: [  0   3 316 461 381 264 432 326  80 117 489 383 500 496   0]
Car 4 Trajectory Node: [  0 318  10 371 233 415  84 127  57 178 402   8 230 413   0]
Car 5 Trajectory Node: [  0  72 165  16  18 240 152 424 453 263  79 122 364 211   0]
Car 6 Trajectory Node: [  0 267 411 384 447 245  42 258 394  74 173 370 368 101   0]
Car 7 Trajectory Node: [  0 184 445  90 161 170 112 116 136 142  73 252 362 332   0]
Car 8 Trajectory Node: [  0  12 189 338  43 306 214 360  78 299 463 260 104 289   0]
Car 9 Trajectory Node: [  0 393 490 435  82  58 347 295 248 491 281 477 246 259   0]
Car 10 Trajectory Node: [  0 129 110 466 464 239  67 132 439 443 272 149 329  35   0]
Car 11 Trajectory Node: [  0 325 419 369 139 108 389 336 290  61 302 380 311 382   0]
Car 12 Trajectory Node: [  0  94 333 442 304 462  50   1 157  14  63 179  13 356   0]
Car 13 Trajectory Node: [  0 397 485 457 227 292 229 118 330 283  92 205 238 452   0]
Car 14 Trajectory Node: [  0 155 487 253 212 103 174 220 280 501 378 499 388 271   0]
Car 15 Trajectory Node: [  0 138 235 328 357 287 249  54  99 182  45 342 340  66   0]
Car 16 Trajectory Node: [  0 232  95  24 313 321 111 454 261 418 121 144 446  98   0]
Car 17 Trajectory Node: [  0  26 314 294 450 455 236 483  71 225 244 284 399 431   0]
Car 18 Trajectory Node: [  0 391 492 265 308 273  87  96 209 441 250 217  64 206   0]
Car 19 Trajectory Node: [  0  11 183 344 297  46 398 401 262 493 274   5 134 350   0]
Car 20 Trajectory Node: [  0  41 128  49 404 337 387 319 390 109  86 472 278 114   0]
Car 21 Trajectory Node: [  0 361 430 334 204 237 207 353 471   0   0   0   0   0   0]
Car 22 Trajectory Node: [  0 379 434 438 416 123  19  40 168  33 159 456 126 275   0]
Car 23 Trajectory Node: [  0 150 478  28 201 231 125 199 191  29 355 124   6   0   0]
Car 24 Trajectory Node: [  0 497 480 293 479 352  91 482 151 476 406 291 219 113   0]
Car 25 Trajectory Node: [  0  77 395 143 190 188 279 163 270 146   9 172 459 433   0]
Car 26 Trajectory Node: [  0  93 366 335 288 473 301 181 331 286 458 498 324 216   0]
Car 27 Trajectory Node: [  0 474 140  44 105 145 315 226 251 376  88 224 396 193   0]
Car 28 Trajectory Node: [  0 167 268 162 100 386 310 426 247 409 481 266  47 484   0]
Car 29 Trajectory Node: [  0  39 317  70 468 153 374 312 363 158 218 407 202 137   0]
Car 30 Trajectory Node: [  0 345 171 147 198 385  81 437 156 164 467 133 339 197   0]
Car 31 Trajectory Node: [  0 298   2  51 296 469 166 257 425 495 488 412 169 427   0]
Car 32 Trajectory Node: [  0 180  68  27 255 349  76 282  83  53 254 440  22 429   0]
Car 33 Trajectory Node: [  0 341 210 176  32 148 367 119 408 448 186 451 444 358   0]
Car 34 Trajectory Node: [  0 320 196  56 195  85  23 221 228  20 131   4  52 177   0]
Car 35 Trajectory Node: [  0 200 208 346 354 203 373 303  97   7 428 307 243 414   0]
Car 36 Trajectory Node: [  0 422 141 130 120 106  55 420 365  17 403 187 234 400   0]
Car 37 Trajectory Node: [  0 107 449 300 359 309 222  37 460 223  69 242 276 194   0]
Car 38 Trajectory Node: [  0 102  75 215 154 213 421  25 470 160 410 475 405 192   0]
Car 39 Trajectory Node: [  0 269 392 351 135  31  38  21 377 115 436 343 185  59   0]
Car 1 Time: [   0.         1017.39274619 1038.86365674 1066.32271718 1080.64053824
 1103.1127433  1142.92480177 1216.28010151 1286.28010151 1310.48753839
 1329.6969111  1342.06622797 1356.38404904 1392.63318696 2401.16181818]
Car 2 Time: [   0.          980.74767397 1004.51740262 1044.14062813 1060.26514363
 1082.6258234  1098.904644   1132.19127795 1135.01970508 1157.11042711
 1165.59570849 1171.42666038 1187.91908288 1207.33557072 2148.14639124]
Car 3 Time: [   0.          948.64798529  955.05110953  961.13387206  971.4295022
  977.2604541   981.73259005  991.21942303  999.02967271 1010.43142696
 1038.23430451 1040.47037249 1075.39887088 1087.76818776 2031.09474839]
Car 4 Time: [   0.         1003.82169731 1008.82169731 1016.88395506 1036.98370631
 1040.14598397 1064.66128531 1093.93584765 1106.14240326 1128.94591176
 1148.18129583 1163.47835437 1208.60041106 1240.55350167 2233.75539454]
Car 5 Time: [   0.          952.47309673  967.70464294  982.12684805  989.40695794
 1000.72066643 1023.98007313 1037.01847794 1048.4202322  1080.48267128
 1087.76278117 1092.86180068 1100.07290323 1106.47602747 2055.97115647]
Car 6 Time: [   0.          897.03623115  905.63855642  916.81889631  927.25920282
  945.28695919  950.672124    970.672124    981.48877783  991.92908434
 1018.00589396 1042.00589396 1047.00589396 1074.46495439 1964.02046137]
Car 7 Time: [   0.          918.82533705  926.0364396   941.16918555  950.60316668
  955.98833149  968.63744213  978.07142326  985.14249107 1016.01318915
 1023.29329904 1041.09779286 1042.09779286 1052.29583188 1959.3493033 ]
Car 8 Time: [   0.          831.31522301  843.84518709  880.73692058  924.78235167
  929.78235167  935.8651142   953.3293634   964.6430719   980.26357125
  981.67778481  995.89045522 1019.2142628  1036.41891333 1914.78330241]
Car 9 Time: [   0.          879.67835031  887.74060806  901.08227212  903.08227212
  920.28692265  945.36679506  947.60286304  967.01935088  987.41542893
 1000.14335099 1003.30562865 1008.30562865 1023.1716974  1907.03594037]
Car 10 Time: [   0.          959.71349892  984.95235784  999.16502825 1003.28813387
 1018.51968008 1036.54743646 1062.54743646 1066.67054209 1074.48079176
 1098.01799636 1119.0417924  1126.11286021 1145.21783338 2099.86960235]
Car 11 Time: [   0.          935.29514058  942.91091369  945.14698167  948.30925933
  962.86947911  966.03175677  983.29443327  987.76656922 1003.29074392
 1008.67590873 1022.99372979 1040.25640629 1046.65953053 1986.10298279]
Car 12 Time: [   0.          893.51552868  904.51552868  906.75159666  914.36736977
  927.36736977  956.89701589  975.14530348  978.75085475  984.58180665
  999.87886519 1010.92422621 1015.39636216 1018.55863982 1921.84209478]
Car 13 Time: [   0.          830.76952279  864.76952279  885.98272623  913.18566725
  936.03298656  944.57699031  959.13721009  979.72847037  981.14268393
  982.55689749  993.32722711 1003.37710273 1014.77885698 1837.39176716]
Car 14 Time: [   0.          798.24933448  816.0538283   836.27757671  869.89304934
  886.86361209  898.86361209  923.37891343  939.87133594  994.07465687
 1012.10241324 1024.63237733 1033.85192179 1063.39849519 1881.76088436]
Car 15 Time: [   0.          843.90165304  867.33240207  878.10273168  880.9311588
  902.19145043  910.00170011  917.21280266  931.53062372  941.53062372
  953.19252751  962.62650864  974.28841243  985.05874205 1842.12933424]
Car 16 Time: [   0.          932.41675232  940.47901006  944.60211569  947.76439335
  956.76439335  961.76439335  964.00046133  978.00046133  980.82888845
  988.44466156 1005.90891076 1011.99167329 1015.99167329 1936.39593229]
Car 17 Time: [   0.          957.66225779  982.72218596  990.78444371  995.78444371
 1003.84670146 1012.33198284 1036.10171148 1046.91836531 1056.40519829
 1068.93516238 1082.08810881 1084.91653594 1092.91653594 2054.18340835]
Car 18 Time: [   0.          873.86783898  879.86783898  888.47016424  896.95544562
  906.80430342  924.06697992  929.06697992  941.1085745   965.62387585
  999.04542578 1001.04542578 1010.10081092 1021.50256517 1898.25224438]
Car 19 Time: [   0.          917.26223077  933.41772519  956.24314961  977.05180166
  998.31209329 1016.0038993  1060.55723812 1068.36748779 1088.98301592
 1093.10612155 1102.95497935 1112.95497935 1137.95497935 2067.47528575]
Car 20 Time: [   0.          793.18219849  839.57185251  842.73413017  858.25830486
  914.34751951  964.56703763  983.54070359  987.14625487  997.14625487
 1005.20851262 1030.04799731 1071.19407854 1074.19407854 1879.06052709]
Car 21 Time: [   0.          901.24857836 1107.07617612 1223.85374246 1274.46006618
 1289.02028596 1312.42968578 1438.92474497 1491.40331202 2276.07458077
    0.            0.            0.            0.            0.        ]
Car 22 Time: [   0.          722.12048856  744.68151691  762.70927328  798.21983509
  835.11156858  863.12942004  865.36548801  904.48070245  922.17250846
  944.53318823  981.86949764  993.91109222 1040.48361631 1767.23322931]
Car 23 Time: [   0.          676.73480773  772.55234266  811.6675571   887.33128685
  919.22172429  945.62248185  970.2192296   988.24698598  997.73381896
 1041.01198898 1092.49013968 1336.09637934 1785.03401421    0.        ]
Car 24 Time: [   0.          900.50263742  941.612247    949.22802011  988.92688659
 1009.95068263 1019.85017757 1052.42317252 1077.12135059 1099.59355564
 1133.7988184  1153.82380279 1156.05987077 1185.05987077 2060.10615526]
Car 25 Time: [   0.          530.29802941  534.29802941  584.03734988  630.87750359
  659.3028444   679.32782879  742.57338199  757.33820506  832.30486431
  932.96270057  992.62843613 1043.87294803 1099.0906988  1600.36108492]
Car 26 Time: [   0.          276.2118752   465.2780012   557.45717455  609.54364112
  646.42181895  675.07491651  741.11278444  743.34885242  758.96935177
  778.89421061  788.32819174  823.79648745  880.2588643  1332.55301637]
Car 27 Time: [   0.          595.73903683  597.15325039  606.20863553  625.23493312
  632.30600093  639.01420486  647.61653013  654.01965437  679.51475194
  724.11295818  746.13567372  760.13567372  788.98008393 1381.09915979]
Car 28 Time: [   0.          656.98249596  683.90832     700.93770636  740.76232187
  759.55061609  764.55061609  779.84767464  783.97078026  794.97078026
  807.97078026  814.67898419  821.67898419  828.08210843 1490.85884309]
Car 29 Time: [   0.          721.63217777  738.12460028  773.18169656  787.32383219
  818.72446912  890.90479885  929.19317829  965.41471884  996.28541693
 1041.63957881 1064.11178386 1105.12397717 1152.42091153 1889.88277495]
Car 30 Time: [   0.          642.62275092  656.07637497  665.56320795  668.72548561
  678.21231859  681.37459625  699.81368516  707.09379505  709.92222218
  715.57907643  725.42793423  733.67414548  737.27969676 1375.5288644 ]
Car 31 Time: [   0.          665.45172627  666.45172627  680.05319678  697.08258315
  704.15365096  714.20352658  729.20352658  739.83367239  753.76206067
  760.4702646   775.70181082  785.1886438   795.1886438  1456.78822058]
Car 32 Time: [   0.          602.54460416  616.43704815  630.36543642  637.64554631
  647.69542194  661.29689244  664.12531957  668.12531957  684.12531957
  691.33642212  729.54636847  735.20322272  766.52414224 1322.28758113]
Car 33 Time: [   0.          697.94054188  712.0826775   726.84750056  744.87525694
  764.110641    773.16602614  791.55080245  797.38175435  821.54784629
  846.8658241   858.04616398  862.16926961  874.25231558 1556.70451171]
Car 34 Time: [   0.          625.0511979   642.13920539  644.37527337  653.59481783
  665.59481783  675.02879896  684.24834342  709.24834342  742.66989335
  744.08410691  760.23960134  761.6538149   824.97837569 1443.53314287]
Car 35 Time: [   0.          487.28328516  523.35266276  537.28105103  572.63639009
  587.86793631  598.16356645  607.21895158  630.24068045  669.29192883
  696.6049294   734.61808502  773.5667692   820.94820017 1275.53592547]
Car 36 Time: [   0.          697.00071736  715.02847374  732.0578601   747.5820348
  750.74431246  761.18461897  774.78608948  777.78608948  790.82449429
  796.90725682  801.37939277  841.87630624  851.92618186 1545.83755948]
Car 37 Time: [   0.          770.05519283  781.45694708  811.93644839  837.64636865
  847.69624427  934.00962678  994.8865518  1074.64242933 1104.47529711
 1150.44267685 1183.09233228 1198.09233228 1241.10395862 1983.95858773]
Car 38 Time: [   0.          590.05847168  619.12735539  630.52910964  656.02420721
  670.02420721  687.14144997  733.23917226  768.35327199  771.95882327
  800.11907895  818.36736654  821.5296442   856.91325623 1499.40994882]
Car 39 Time: [   0.          724.1892018   737.22760661  753.99066122  764.76099084
  791.96393185  812.21238859  829.41703912  904.14989669  954.68701176
 1025.36939995 1074.16489154 1076.99331867 1107.35777157 1843.45898744]
Car 1 Energy: [100. 100. 100. 100. 100. 100. 100. 100. 100. 100. 100. 100. 100. 100.
 100.]
Car 2 Energy: [100. 100. 100. 100. 100. 100. 100. 100. 100. 100. 100. 100. 100. 100.
 100.]
Car 3 Energy: [100. 100. 100. 100. 100. 100. 100. 100. 100. 100. 100. 100. 100. 100.
 100.]
Car 4 Energy: [100. 100. 100. 100. 100. 100. 100. 100. 100. 100. 100. 100. 100. 100.
 100.]
Car 5 Energy: [100. 100. 100. 100. 100. 100. 100. 100. 100. 100. 100. 100. 100. 100.
 100.]
Car 6 Energy: [100. 100. 100. 100. 100. 100. 100. 100. 100. 100. 100. 100. 100. 100.
 100.]
Car 7 Energy: [100. 100. 100. 100. 100. 100. 100. 100. 100. 100. 100. 100. 100. 100.
 100.]
Car 8 Energy: [100. 100. 100. 100. 100. 100. 100. 100. 100. 100. 100. 100. 100. 100.
 100.]
Car 9 Energy: [100. 100. 100. 100. 100. 100. 100. 100. 100. 100. 100. 100. 100. 100.
 100.]
Car 10 Energy: [100. 100. 100. 100. 100. 100. 100. 100. 100. 100. 100. 100. 100. 100.
 100.]
Car 11 Energy: [100. 100. 100. 100. 100. 100. 100. 100. 100. 100. 100. 100. 100. 100.
 100.]
Car 12 Energy: [100. 100. 100. 100. 100. 100. 100. 100. 100. 100. 100. 100. 100. 100.
 100.]
Car 13 Energy: [100. 100. 100. 100. 100. 100. 100. 100. 100. 100. 100. 100. 100. 100.
 100.]
Car 14 Energy: [100. 100. 100. 100. 100. 100. 100. 100. 100. 100. 100. 100. 100. 100.
 100.]
Car 15 Energy: [100. 100. 100. 100. 100. 100. 100. 100. 100. 100. 100. 100. 100. 100.
 100.]
Car 16 Energy: [100. 100. 100. 100. 100. 100. 100. 100. 100. 100. 100. 100. 100. 100.
 100.]
Car 17 Energy: [100. 100. 100. 100. 100. 100. 100. 100. 100. 100. 100. 100. 100. 100.
 100.]
Car 18 Energy: [100. 100. 100. 100. 100. 100. 100. 100. 100. 100. 100. 100. 100. 100.
 100.]
Car 19 Energy: [100. 100. 100. 100. 100. 100. 100. 100. 100. 100. 100. 100. 100. 100.
 100.]
Car 20 Energy: [100. 100. 100. 100. 100. 100. 100. 100. 100. 100. 100. 100. 100. 100.
 100.]
Car 21 Energy: [100. 100. 100. 100. 100. 100. 100. 100. 100. 100.   0.   0.   0.   0.
   0.]
Car 22 Energy: [100. 100. 100. 100. 100. 100. 100. 100. 100. 100. 100. 100. 100. 100.
 100.]
Car 23 Energy: [100. 100. 100. 100. 100. 100. 100. 100. 100. 100. 100. 100. 100. 100.
   0.]
Car 24 Energy: [100. 100. 100. 100. 100. 100. 100. 100. 100. 100. 100. 100. 100. 100.
 100.]
Car 25 Energy: [100. 100. 100. 100. 100. 100. 100. 100. 100. 100. 100. 100. 100. 100.
 100.]
Car 26 Energy: [100. 100. 100. 100. 100. 100. 100. 100. 100. 100. 100. 100. 100. 100.
 100.]
Car 27 Energy: [100. 100. 100. 100. 100. 100. 100. 100. 100. 100. 100. 100. 100. 100.
 100.]
Car 28 Energy: [100. 100. 100. 100. 100. 100. 100. 100. 100. 100. 100. 100. 100. 100.
 100.]
Car 29 Energy: [100. 100. 100. 100. 100. 100. 100. 100. 100. 100. 100. 100. 100. 100.
 100.]
Car 30 Energy: [100. 100. 100. 100. 100. 100. 100. 100. 100. 100. 100. 100. 100. 100.
 100.]
Car 31 Energy: [100. 100. 100. 100. 100. 100. 100. 100. 100. 100. 100. 100. 100. 100.
 100.]
Car 32 Energy: [100. 100. 100. 100. 100. 100. 100. 100. 100. 100. 100. 100. 100. 100.
 100.]
Car 33 Energy: [100. 100. 100. 100. 100. 100. 100. 100. 100. 100. 100. 100. 100. 100.
 100.]
Car 34 Energy: [100. 100. 100. 100. 100. 100. 100. 100. 100. 100. 100. 100. 100. 100.
 100.]
Car 35 Energy: [100. 100. 100. 100. 100. 100. 100. 100. 100. 100. 100. 100. 100. 100.
 100.]
Car 36 Energy: [100. 100. 100. 100. 100. 100. 100. 100. 100. 100. 100. 100. 100. 100.
 100.]
Car 37 Energy: [100. 100. 100. 100. 100. 100. 100. 100. 100. 100. 100. 100. 100. 100.
 100.]
Car 38 Energy: [100. 100. 100. 100. 100. 100. 100. 100. 100. 100. 100. 100. 100. 100.
 100.]
Car 39 Energy: [100. 100. 100. 100. 100. 100. 100. 100. 100. 100. 100. 100. 100. 100.
 100.]
Car 1 Uncertain Time: [   0.         1017.39274619 1038.86365674 1066.32271718 1080.64053824
 1103.1127433  1142.92480177 1216.28010151 1286.28010151 1310.48753839
 1329.6969111  1342.06622797 1356.38404904 1392.63318696 2401.16181818]
Car 2 Uncertain Time: [   0.          980.74767397 1004.51740262 1044.14062813 1060.26514363
 1082.6258234  1098.904644   1132.19127795 1135.01970508 1157.11042711
 1165.59570849 1171.42666038 1187.91908288 1207.33557072 2148.14639124]
Car 3 Uncertain Time: [   0.          948.64798529  955.05110953  961.13387206  971.4295022
  977.2604541   981.73259005  991.21942303  999.02967271 1010.43142696
 1038.23430451 1040.47037249 1075.39887088 1087.76818776 2031.09474839]
Car 4 Uncertain Time: [   0.         1003.82169731 1008.82169731 1016.88395506 1036.98370631
 1040.14598397 1064.66128531 1093.93584765 1106.14240326 1128.94591176
 1148.18129583 1163.47835437 1208.60041106 1240.55350167 2233.75539454]
Car 5 Uncertain Time: [   0.          952.47309673  967.70464294  982.12684805  989.40695794
 1000.72066643 1023.98007313 1037.01847794 1048.4202322  1080.48267128
 1087.76278117 1092.86180068 1100.07290323 1106.47602747 2055.97115647]
Car 6 Uncertain Time: [   0.          897.03623115  905.63855642  916.81889631  927.25920282
  945.28695919  950.672124    970.672124    981.48877783  991.92908434
 1018.00589396 1042.00589396 1047.00589396 1074.46495439 1964.02046137]
Car 7 Uncertain Time: [   0.          918.82533705  926.0364396   941.16918555  950.60316668
  955.98833149  968.63744213  978.07142326  985.14249107 1016.01318915
 1023.29329904 1041.09779286 1042.09779286 1052.29583188 1959.3493033 ]
Car 8 Uncertain Time: [   0.          831.31522301  843.84518709  880.73692058  924.78235167
  929.78235167  935.8651142   953.3293634   964.6430719   980.26357125
  981.67778481  995.89045522 1019.2142628  1036.41891333 1914.78330241]
Car 9 Uncertain Time: [   0.          879.67835031  887.74060806  901.08227212  903.08227212
  920.28692265  945.36679506  947.60286304  967.01935088  987.41542893
 1000.14335099 1003.30562865 1008.30562865 1023.1716974  1907.03594037]
Car 10 Uncertain Time: [   0.          959.71349892  984.95235784  999.16502825 1003.28813387
 1018.51968008 1036.54743646 1062.54743646 1066.67054209 1074.48079176
 1098.01799636 1119.0417924  1126.11286021 1145.21783338 2099.86960235]
Car 11 Uncertain Time: [   0.          935.29514058  942.91091369  945.14698167  948.30925933
  962.86947911  966.03175677  983.29443327  987.76656922 1003.29074392
 1008.67590873 1022.99372979 1040.25640629 1046.65953053 1986.10298279]
Car 12 Uncertain Time: [   0.          893.51552868  904.51552868  906.75159666  914.36736977
  927.36736977  956.89701589  975.14530348  978.75085475  984.58180665
  999.87886519 1010.92422621 1015.39636216 1018.55863982 1921.84209478]
Car 13 Uncertain Time: [   0.          830.76952279  864.76952279  885.98272623  913.18566725
  936.03298656  944.57699031  959.13721009  979.72847037  981.14268393
  982.55689749  993.32722711 1003.37710273 1014.77885698 1837.39176716]
Car 14 Uncertain Time: [   0.          798.24933448  816.0538283   836.27757671  869.89304934
  886.86361209  898.86361209  923.37891343  939.87133594  994.07465687
 1012.10241324 1024.63237733 1033.85192179 1063.39849519 1881.76088436]
Car 15 Uncertain Time: [   0.          843.90165304  867.33240207  878.10273168  880.9311588
  902.19145043  910.00170011  917.21280266  931.53062372  941.53062372
  953.19252751  962.62650864  974.28841243  985.05874205 1842.12933424]
Car 16 Uncertain Time: [   0.          932.41675232  940.47901006  944.60211569  947.76439335
  956.76439335  961.76439335  964.00046133  978.00046133  980.82888845
  988.44466156 1005.90891076 1011.99167329 1015.99167329 1936.39593229]
Car 17 Uncertain Time: [   0.          957.66225779  982.72218596  990.78444371  995.78444371
 1003.84670146 1012.33198284 1036.10171148 1046.91836531 1056.40519829
 1068.93516238 1082.08810881 1084.91653594 1092.91653594 2054.18340835]
Car 18 Uncertain Time: [   0.          873.86783898  879.86783898  888.47016424  896.95544562
  906.80430342  924.06697992  929.06697992  941.1085745   965.62387585
  999.04542578 1001.04542578 1010.10081092 1021.50256517 1898.25224438]
Car 19 Uncertain Time: [   0.          917.26223077  933.41772519  956.24314961  977.05180166
  998.31209329 1016.0038993  1060.55723812 1068.36748779 1088.98301592
 1093.10612155 1102.95497935 1112.95497935 1137.95497935 2067.47528575]
Car 20 Uncertain Time: [   0.          793.18219849  839.57185251  842.73413017  858.25830486
  914.34751951  964.56703763  983.54070359  987.14625487  997.14625487
 1005.20851262 1030.04799731 1071.19407854 1074.19407854 1879.06052709]
Car 21 Uncertain Time: [   0.          901.24857836 1107.07617612 1223.85374246 1274.46006618
 1289.02028596 1312.42968578 1438.92474497 1491.40331202 2276.07458077
    0.            0.            0.            0.            0.        ]
Car 22 Uncertain Time: [   0.          722.12048856  744.68151691  762.70927328  798.21983509
  835.11156858  863.12942004  865.36548801  904.48070245  922.17250846
  944.53318823  981.86949764  993.91109222 1040.48361631 1767.23322931]
Car 23 Uncertain Time: [   0.          676.73480773  772.55234266  811.6675571   887.33128685
  919.22172429  945.62248185  970.2192296   988.24698598  997.73381896
 1041.01198898 1092.49013968 1336.09637934 1785.03401421    0.        ]
Car 24 Uncertain Time: [   0.          900.50263742  941.612247    949.22802011  988.92688659
 1009.95068263 1019.85017757 1052.42317252 1077.12135059 1099.59355564
 1133.7988184  1153.82380279 1156.05987077 1185.05987077 2060.10615526]
Car 25 Uncertain Time: [   0.          530.29802941  534.29802941  584.03734988  630.87750359
  659.3028444   679.32782879  742.57338199  757.33820506  832.30486431
  932.96270057  992.62843613 1043.87294803 1099.0906988  1600.36108492]
Car 26 Uncertain Time: [   0.          276.2118752   465.2780012   557.45717455  609.54364112
  646.42181895  675.07491651  741.11278444  743.34885242  758.96935177
  778.89421061  788.32819174  823.79648745  880.2588643  1332.55301637]
Car 27 Uncertain Time: [   0.          595.73903683  597.15325039  606.20863553  625.23493312
  632.30600093  639.01420486  647.61653013  654.01965437  679.51475194
  724.11295818  746.13567372  760.13567372  788.98008393 1381.09915979]
Car 28 Uncertain Time: [   0.          656.98249596  683.90832     700.93770636  740.76232187
  759.55061609  764.55061609  779.84767464  783.97078026  794.97078026
  807.97078026  814.67898419  821.67898419  828.08210843 1490.85884309]
Car 29 Uncertain Time: [   0.          721.63217777  738.12460028  773.18169656  787.32383219
  818.72446912  890.90479885  929.19317829  965.41471884  996.28541693
 1041.63957881 1064.11178386 1105.12397717 1152.42091153 1889.88277495]
Car 30 Uncertain Time: [   0.          642.62275092  656.07637497  665.56320795  668.72548561
  678.21231859  681.37459625  699.81368516  707.09379505  709.92222218
  715.57907643  725.42793423  733.67414548  737.27969676 1375.5288644 ]
Car 31 Uncertain Time: [   0.          665.45172627  666.45172627  680.05319678  697.08258315
  704.15365096  714.20352658  729.20352658  739.83367239  753.76206067
  760.4702646   775.70181082  785.1886438   795.1886438  1456.78822058]
Car 32 Uncertain Time: [   0.          602.54460416  616.43704815  630.36543642  637.64554631
  647.69542194  661.29689244  664.12531957  668.12531957  684.12531957
  691.33642212  729.54636847  735.20322272  766.52414224 1322.28758113]
Car 33 Uncertain Time: [   0.          697.94054188  712.0826775   726.84750056  744.87525694
  764.110641    773.16602614  791.55080245  797.38175435  821.54784629
  846.8658241   858.04616398  862.16926961  874.25231558 1556.70451171]
Car 34 Uncertain Time: [   0.          625.0511979   642.13920539  644.37527337  653.59481783
  665.59481783  675.02879896  684.24834342  709.24834342  742.66989335
  744.08410691  760.23960134  761.6538149   824.97837569 1443.53314287]
Car 35 Uncertain Time: [   0.          487.28328516  523.35266276  537.28105103  572.63639009
  587.86793631  598.16356645  607.21895158  630.24068045  669.29192883
  696.6049294   734.61808502  773.5667692   820.94820017 1275.53592547]
Car 36 Uncertain Time: [   0.          697.00071736  715.02847374  732.0578601   747.5820348
  750.74431246  761.18461897  774.78608948  777.78608948  790.82449429
  796.90725682  801.37939277  841.87630624  851.92618186 1545.83755948]
Car 37 Uncertain Time: [   0.          770.05519283  781.45694708  811.93644839  837.64636865
  847.69624427  934.00962678  994.8865518  1074.64242933 1104.47529711
 1150.44267685 1183.09233228 1198.09233228 1241.10395862 1983.95858773]
Car 38 Uncertain Time: [   0.          590.05847168  619.12735539  630.52910964  656.02420721
  670.02420721  687.14144997  733.23917226  768.35327199  771.95882327
  800.11907895  818.36736654  821.5296442   856.91325623 1499.40994882]
Car 39 Uncertain Time: [   0.          724.1892018   737.22760661  753.99066122  764.76099084
  791.96393185  812.21238859  829.41703912  904.14989669  954.68701176
 1025.36939995 1074.16489154 1076.99331867 1107.35777157 1843.45898744]
Car 1 UncertainEnergy: [100. 100. 100. 100. 100. 100. 100. 100. 100. 100. 100. 100. 100. 100.
 100.]
Car 2 UncertainEnergy: [100. 100. 100. 100. 100. 100. 100. 100. 100. 100. 100. 100. 100. 100.
 100.]
Car 3 UncertainEnergy: [100. 100. 100. 100. 100. 100. 100. 100. 100. 100. 100. 100. 100. 100.
 100.]
Car 4 UncertainEnergy: [100. 100. 100. 100. 100. 100. 100. 100. 100. 100. 100. 100. 100. 100.
 100.]
Car 5 UncertainEnergy: [100. 100. 100. 100. 100. 100. 100. 100. 100. 100. 100. 100. 100. 100.
 100.]
Car 6 UncertainEnergy: [100. 100. 100. 100. 100. 100. 100. 100. 100. 100. 100. 100. 100. 100.
 100.]
Car 7 UncertainEnergy: [100. 100. 100. 100. 100. 100. 100. 100. 100. 100. 100. 100. 100. 100.
 100.]
Car 8 UncertainEnergy: [100. 100. 100. 100. 100. 100. 100. 100. 100. 100. 100. 100. 100. 100.
 100.]
Car 9 UncertainEnergy: [100. 100. 100. 100. 100. 100. 100. 100. 100. 100. 100. 100. 100. 100.
 100.]
Car 10 UncertainEnergy: [100. 100. 100. 100. 100. 100. 100. 100. 100. 100. 100. 100. 100. 100.
 100.]
Car 11 UncertainEnergy: [100. 100. 100. 100. 100. 100. 100. 100. 100. 100. 100. 100. 100. 100.
 100.]
Car 12 UncertainEnergy: [100. 100. 100. 100. 100. 100. 100. 100. 100. 100. 100. 100. 100. 100.
 100.]
Car 13 UncertainEnergy: [100. 100. 100. 100. 100. 100. 100. 100. 100. 100. 100. 100. 100. 100.
 100.]
Car 14 UncertainEnergy: [100. 100. 100. 100. 100. 100. 100. 100. 100. 100. 100. 100. 100. 100.
 100.]
Car 15 UncertainEnergy: [100. 100. 100. 100. 100. 100. 100. 100. 100. 100. 100. 100. 100. 100.
 100.]
Car 16 UncertainEnergy: [100. 100. 100. 100. 100. 100. 100. 100. 100. 100. 100. 100. 100. 100.
 100.]
Car 17 UncertainEnergy: [100. 100. 100. 100. 100. 100. 100. 100. 100. 100. 100. 100. 100. 100.
 100.]
Car 18 UncertainEnergy: [100. 100. 100. 100. 100. 100. 100. 100. 100. 100. 100. 100. 100. 100.
 100.]
Car 19 UncertainEnergy: [100. 100. 100. 100. 100. 100. 100. 100. 100. 100. 100. 100. 100. 100.
 100.]
Car 20 UncertainEnergy: [100. 100. 100. 100. 100. 100. 100. 100. 100. 100. 100. 100. 100. 100.
 100.]
Car 21 UncertainEnergy: [100. 100. 100. 100. 100. 100. 100. 100. 100. 100.   0.   0.   0.   0.
   0.]
Car 22 UncertainEnergy: [100. 100. 100. 100. 100. 100. 100. 100. 100. 100. 100. 100. 100. 100.
 100.]
Car 23 UncertainEnergy: [100. 100. 100. 100. 100. 100. 100. 100. 100. 100. 100. 100. 100. 100.
   0.]
Car 24 UncertainEnergy: [100. 100. 100. 100. 100. 100. 100. 100. 100. 100. 100. 100. 100. 100.
 100.]
Car 25 UncertainEnergy: [100. 100. 100. 100. 100. 100. 100. 100. 100. 100. 100. 100. 100. 100.
 100.]
Car 26 UncertainEnergy: [100. 100. 100. 100. 100. 100. 100. 100. 100. 100. 100. 100. 100. 100.
 100.]
Car 27 UncertainEnergy: [100. 100. 100. 100. 100. 100. 100. 100. 100. 100. 100. 100. 100. 100.
 100.]
Car 28 UncertainEnergy: [100. 100. 100. 100. 100. 100. 100. 100. 100. 100. 100. 100. 100. 100.
 100.]
Car 29 UncertainEnergy: [100. 100. 100. 100. 100. 100. 100. 100. 100. 100. 100. 100. 100. 100.
 100.]
Car 30 UncertainEnergy: [100. 100. 100. 100. 100. 100. 100. 100. 100. 100. 100. 100. 100. 100.
 100.]
Car 31 UncertainEnergy: [100. 100. 100. 100. 100. 100. 100. 100. 100. 100. 100. 100. 100. 100.
 100.]
Car 32 UncertainEnergy: [100. 100. 100. 100. 100. 100. 100. 100. 100. 100. 100. 100. 100. 100.
 100.]
Car 33 UncertainEnergy: [100. 100. 100. 100. 100. 100. 100. 100. 100. 100. 100. 100. 100. 100.
 100.]
Car 34 UncertainEnergy: [100. 100. 100. 100. 100. 100. 100. 100. 100. 100. 100. 100. 100. 100.
 100.]
Car 35 UncertainEnergy: [100. 100. 100. 100. 100. 100. 100. 100. 100. 100. 100. 100. 100. 100.
 100.]
Car 36 UncertainEnergy: [100. 100. 100. 100. 100. 100. 100. 100. 100. 100. 100. 100. 100. 100.
 100.]
Car 37 UncertainEnergy: [100. 100. 100. 100. 100. 100. 100. 100. 100. 100. 100. 100. 100. 100.
 100.]
Car 38 UncertainEnergy: [100. 100. 100. 100. 100. 100. 100. 100. 100. 100. 100. 100. 100. 100.
 100.]
Car 39 UncertainEnergy: [100. 100. 100. 100. 100. 100. 100. 100. 100. 100. 100. 100. 100. 100.
 100.]
