Solver Type: Recursive
N: 502
Cars: 39
Clustering Method: Greedy_Method
Recharge Model: ConstantRate
Cost: 70660.55042130388
Charging Stations: []
Car 1 Trajectory Node: [  0 207 494 417 486 241  30  78 360 214 306  43 104 289   0]
Car 2 Trajectory Node: [  0   6 124 379 191  29 355 150   0   0   0   0   0   0   0]
Car 3 Trajectory Node: [  0  66 340  45 342  99 182 356 249  94 287  54 357 328   0]
Car 4 Trajectory Node: [  0 478 471 353  28 271 499 378  12 189 338 204 334 361   0]
Car 5 Trajectory Node: [  0  75 215 154 213 421  25 343 185 470 160 410 475 405   0]
Car 6 Trajectory Node: [  0 431 244 225  71 483 236 401 262 455 450 294 314  26   0]
Car 7 Trajectory Node: [  0 264 432  80 117  10 318 127  57 413 489 383  48  60   0]
Car 8 Trajectory Node: [  0  59 269 392 351 135  31  38  21  69  37 377 115 436   0]
Car 9 Trajectory Node: [  0 393 435  82 490 259 347 295  58 332 267 280 220 485   0]
Car 10 Trajectory Node: [  0  77 395 143 190 188 279 163 270 146   9 172 459 433   0]
Car 11 Trajectory Node: [  0 278 472  86 109 390 319 387 206 337 404  49 128  41   0]
Car 12 Trajectory Node: [  0  93 366 335 288 473 301 181 331 286 458 498 324 216   0]
Car 13 Trajectory Node: [  0 369 139 108 389 336  61 302 284 399 380 418 311 382   0]
Car 14 Trajectory Node: [  0 246 477 281 491 462 325 419  50 304 442 333  13 179   0]
Car 15 Trajectory Node: [  0 175 285 230 178  84 402   8  34 348 327  65 423 372   0]
Car 16 Trajectory Node: [  0 237 322 323 256  62 277 305 465  36 375  15  89 430   0]
Car 17 Trajectory Node: [  0 497 480 293 479 352  91 482 151 476 406 291 219 113   0]
Car 18 Trajectory Node: [  0 320 196  56 195  85  23 221  20  52   4 192 177  97   0]
Car 19 Trajectory Node: [  0  35 129 329 149 466 464 239  67 132 439 443 272 290   0]
Car 20 Trajectory Node: [  0  32 107 449 300 359 309 222 460 223 242 276 194 148   0]
Car 21 Trajectory Node: [  0 238 205 283 330  92 457 227 292 229 235 138 118 452   0]
Car 22 Trajectory Node: [  0 101 411 447 384 394 500 496 173 370 463 299 368 260   0]
Car 23 Trajectory Node: [  0 474 140  44 105 145 315 226 251 376  88 224 396 193   0]
Car 24 Trajectory Node: [  0 199 125 231 397 212 103 174 501 388 487 253 155 201   0]
Car 25 Trajectory Node: [  0 391 492 265 308 273  87  96  11 209 441  64 250 217   0]
Car 26 Trajectory Node: [  0 422 120 106  55 420 365  17 403 187 130 234 141 131   0]
Car 27 Trajectory Node: [  0 263  16  18 240 371 233 415 152 424 453 110 136 116   0]
Car 28 Trajectory Node: [  0 200 208 346 354 203 373 303   7 102 428 307 243 414   0]
Car 29 Trajectory Node: [  0 167 268 162 100 386 310 426 247 409 481 266  47 484   0]
Car 30 Trajectory Node: [  0 275 126 456  33 159 114 168  40  19 123 416 438 434   0]
Car 31 Trajectory Node: [  0  74   3  72 316 461 381 326 165  79 122 364 211 258   0]
Car 32 Trajectory Node: [  0 358 451 444 341 210 176 367 119 408 448 186 400 228   0]
Car 33 Trajectory Node: [  0  98 144 446  95  24 313 454 121 261   1 157  14  63   0]
Car 34 Trajectory Node: [  0 345 171 147 198 385  81 437 156 164 467 133 339 197   0]
Car 35 Trajectory Node: [  0 298   2  51 296 469 166 257 425 495 488 412 169 427   0]
Car 36 Trajectory Node: [  0 248  90 112 170 161 445 184 362 252  73 142  42 245   0]
Car 37 Trajectory Node: [  0 180  68  27 255 349  76 282  83  53 254 440  22 429   0]
Car 38 Trajectory Node: [  0 232 321 111 134   5 493 274 398  46 297 344 183 350   0]
Car 39 Trajectory Node: [  0  39 317  70 468 153 374 312 363 158 218 407 202 137   0]
Car 1 Time: [   0.          909.87141949  946.21698318  965.63347102  982.12589352
  987.95684541  996.44212679 1008.60765185 1019.92136035 1037.38560954
 1043.46837208 1048.46837208 1065.23142669 1082.43607722 1960.8004663 ]
Car 2 Time: [   0.          448.93763487  692.54387452  739.58640847  812.75744099
  822.24427397  865.52244399  906.37584042 1583.11064815    0.
    0.            0.            0.            0.            0.        ]
Car 3 Time: [   0.          857.07059219  867.84092181  879.02126169  888.45524283
  896.51750057  906.51750057  926.76595731  941.76595731  943.76595731
  950.16908154  962.21067612  977.73485082  980.56327794 1851.57246274]
Car 4 Time: [   0.          737.65371279  830.78802441  883.26659146  928.80778161
  975.8184187   998.62192721 1011.15189129 1045.28398762 1057.81395171
 1094.7056852  1133.91027677 1184.51660049 1387.61263688 2288.86121524]
Car 5 Time: [   0.          614.7991542   626.20090845  651.69600601  665.69600601
  682.81324878  728.91097107  773.95539359  776.78382071  822.0607464
  825.66629768  853.82655336  872.07484095  875.23711861 1539.35909536]
Car 6 Time: [   0.          961.26687241  980.47624513  993.00620921 1002.49304219
 1013.30969602 1037.07942467 1043.1621872  1050.97243687 1058.04350469
 1066.10576243 1071.10576243 1079.16802018 1104.22794835 2061.89020615]
Car 7 Time: [   0.          966.71247018  971.18460613  981.03346394  992.43521819
 1014.90742324 1019.90742324 1040.78803626 1052.99459187 1074.08961498
 1088.40743605 1090.64350403 1112.23053717 1115.05896429 2069.89717048]
Car 8 Time: [   0.          736.10121587  755.20618904  768.24459385  785.00764847
  795.77797808  822.9809191   843.22937583  860.43402636  885.67288529
 1015.67288529 1110.08686731 1160.62398238 1231.30637057 2006.14312757]
Car 9 Time: [   0.          879.67835031  892.67835031  894.67835031  907.71675512
  917.76663074  943.76663074  946.00269872  971.06262689  973.29869487
 1004.92147147 1018.52294198 1035.01536448 1050.01536448 1913.91929432]
Car 10 Time: [   0.          530.29802941  534.29802941  584.03734988  630.87750359
  659.3028444   679.32782879  742.57338199  757.33820506  832.30486431
  932.96270057  992.62843613 1043.87294803 1099.0906988  1600.36108492]
Car 11 Time: [   0.          807.84466329  848.99074451  873.83022921  881.89248695
  891.89248695  895.49803823  914.47170419  940.41394773  966.4331714
 1022.52238604 1038.04656074 1041.2088384  1087.59849242 1880.78069091]
Car 12 Time: [   0.          276.2118752   465.2780012   557.45717455  609.54364112
  646.42181895  675.07491651  741.11278444  743.34885242  758.96935177
  778.89421061  788.32819174  823.79648745  880.2588643  1332.55301637]
Car 13 Time: [   0.          937.44333162  940.60560928  955.16582906  958.32810672
  975.59078322  990.85512074  996.24028555 1008.40581061 1011.23423774
 1014.23423774 1032.26199411 1046.1544381  1052.55756234 1992.0010146 ]
Car 14 Time: [   0.          885.62125087  890.62125087  893.78352853  906.5114506
  917.32810442  945.39944212  953.01521522  960.08628304  981.18130614
  988.79707925  991.03314723 1001.80347684 1006.2756128  1916.27396444]
Car 15 Time: [   0.          982.74716993  999.02599052 1014.25753674 1042.04242471
 1080.87540039 1122.17915325 1137.47621179 1153.63170621 1176.10391126
 1192.22842676 1219.6874872  1235.81200269 1251.93651819 2241.0942407 ]
Car 16 Time: [   0.          911.94846346  977.68277717 1001.45250582 1033.07528242
 1069.32442034 1083.64224141 1096.01155828 1118.14750191 1138.07236075
 1162.27979763 1196.64547818 1270.00077792 1382.14800259 2382.34098396]
Car 17 Time: [   0.          900.50263742  941.612247    949.22802011  988.92688659
 1009.95068263 1019.85017757 1052.42317252 1077.12135059 1099.59355564
 1133.7988184  1153.82380279 1156.05987077 1185.05987077 2060.10615526]
Car 18 Time: [   0.          625.0511979   642.13920539  644.37527337  653.59481783
  665.59481783  675.02879896  684.24834342  733.09504239  749.25053681
  750.66475037  791.84727093  815.93046009  842.61378822 1436.90832799]
Car 19 Time: [   0.          954.65176897  964.13860195  983.55508979  990.6261576
 1006.7506731  1010.87377872 1026.10532494 1044.13308131 1070.13308131
 1074.25618694 1082.06643662 1105.60364121 1121.63486075 2089.04067012]
Car 20 Time: [   0.          738.8639929   771.00431026  782.40606451  812.88556582
  838.59548608  848.6453617   934.95874421  963.40166952  993.2345373
 1046.83491043 1061.83491043 1104.84653677 1118.88220561 1848.73835582]
Car 21 Time: [   0.          827.93357221  837.98344784  848.27907798  849.69329154
  851.69329154  877.94210104  905.14504205  927.99236137  936.53636512
  948.19826891  971.62901793  996.14431928 1018.34792259 1840.96083277]
Car 22 Time: [   0.          889.55550698  910.17103511  918.17103511  928.61134162
  952.94239174  980.67324099  993.04255786  998.04255786 1022.04255786
 1030.98682977 1032.40104334 1041.40104334 1049.94504708 1952.55681301]
Car 23 Time: [   0.          595.73903683  597.15325039  606.20863553  625.23493312
  632.30600093  639.01420486  647.61653013  654.01965437  679.51475194
  724.11295818  746.13567372  760.13567372  788.98008393 1381.09915979]
Car 24 Time: [   0.          756.72253832  781.31928607  807.72004364  840.78059415
  850.26742713  867.23798988  879.23798988  921.72328145  950.16620675
  974.18703105  994.41077947 1009.64232568 1021.80785074 1808.01520253]
Car 25 Time: [   0.          873.86783898  879.86783898  888.47016424  896.95544562
  906.80430342  924.06697992  929.06697992  936.8772296   950.21889366
  974.73419501 1004.28076841 1013.33615355 1015.33615355 1896.14600817]
Car 26 Time: [   0.          697.00071736  733.79745635  736.95973401  747.40004051
  761.00151102  764.00151102  777.03991583  783.12267836  787.59481432
  822.30792423  834.01262415  851.01262415  860.06800928 1550.91169638]
Car 27 Time: [   0.          964.96269358  982.05070107  989.33081096 1000.64451946
 1023.27193646 1043.3716877  1046.53396536 1065.84717327 1078.88557808
 1090.28733234 1108.72642125 1128.14290909 1135.2139769  2093.53438261]
Car 28 Time: [   0.          487.28328516  523.35266276  537.28105103  572.63639009
  587.86793631  598.16356645  607.21895158  668.31723307  695.48338848
  722.6863295   760.69948512  799.6481693   847.02960027 1301.61732557]
Car 29 Time: [   0.          656.98249596  683.90832     700.93770636  740.76232187
  759.55061609  764.55061609  779.84767464  783.97078026  794.97078026
  807.97078026  814.67898419  821.67898419  828.08210843 1490.85884309]
Car 30 Time: [   0.          726.749613    773.32213709  785.36373167  816.25062209
  838.61130187  864.55354541  878.69568103  917.81089547  920.04696344
  948.0648149   984.95654839 1020.4671102  1038.49486657 1751.53694107]
Car 31 Time: [   0.          945.11904012  949.24214575  953.24214575  958.24214575
  964.32490828  974.62053842  984.81857745 1008.81857745 1019.81857745
 1024.91759696 1032.12869951 1038.53182375 1050.23652366 1988.04780531]
Car 32 Time: [   0.          682.45219613  694.49379071  698.61689633  713.65019271
  727.79232833  742.55715139  751.10115514  769.48593145  775.31688335
  799.48297529  824.8009531   846.38798624  869.64739294 1545.87960158]
Car 33 Time: [   0.          920.40425901  928.21450868  934.29727121  942.78255259
  946.90565821  950.06793587  962.59789996  972.8935301   979.96459791
  999.19998197 1002.80553325 1008.63648515 1023.93354369 1933.06114749]
Car 34 Time: [   0.          642.62275092  656.07637497  665.56320795  668.72548561
  678.21231859  681.37459625  699.81368516  707.09379505  709.92222218
  715.57907643  725.42793423  733.67414548  737.27969676 1375.5288644 ]
Car 35 Time: [   0.          665.45172627  666.45172627  680.05319678  697.08258315
  704.15365096  714.20352658  729.20352658  739.83367239  753.76206067
  760.4702646   775.70181082  785.1886438   795.1886438  1456.78822058]
Car 36 Time: [   0.          924.78105517  953.22398048  966.64038834  979.28949898
  984.67466379  998.81679941 1006.02790196 1011.85885386 1012.85885386
 1030.66334767 1037.94345756 1054.94345756 1060.32862237 1974.05341682]
Car 37 Time: [   0.          602.54460416  616.43704815  630.36543642  637.64554631
  647.69542194  661.29689244  664.12531957  668.12531957  684.12531957
  691.33642212  729.54636847  735.20322272  766.52414224 1322.28758113]
Car 38 Time: [   0.          932.41675232  947.28282106  952.28282106  969.77567675
  979.77567675  989.77567675  993.89878237 1033.52200789 1051.2138139
 1072.47410552 1093.28275757 1116.10818199 1122.51130623 2052.03161262]
Car 39 Time: [   0.          721.63217777  738.12460028  773.18169656  787.32383219
  818.72446912  890.90479885  929.19317829  965.41471884  996.28541693
 1041.63957881 1064.11178386 1105.12397717 1152.42091153 1889.88277495]
Car 1 Energy: [100. 100. 100. 100. 100. 100. 100. 100. 100. 100. 100. 100. 100. 100.
 100.]
Car 2 Energy: [100. 100. 100. 100. 100. 100. 100. 100. 100.   0.   0.   0.   0.   0.
   0.]
Car 3 Energy: [100. 100. 100. 100. 100. 100. 100. 100. 100. 100. 100. 100. 100. 100.
 100.]
Car 4 Energy: [100. 100. 100. 100. 100. 100. 100. 100. 100. 100. 100. 100. 100. 100.
 100.]
Car 5 Energy: [100. 100. 100. 100. 100. 100. 100. 100. 100. 100. 100. 100. 100. 100.
 100.]
Car 6 Energy: [100. 100. 100. 100. 100. 100. 100. 100. 100. 100. 100. 100. 100. 100.
 100.]
Car 7 Energy: [100. 100. 100. 100. 100. 100. 100. 100. 100. 100. 100. 100. 100. 100.
 100.]
Car 8 Energy: [100. 100. 100. 100. 100. 100. 100. 100. 100. 100. 100. 100. 100. 100.
 100.]
Car 9 Energy: [100. 100. 100. 100. 100. 100. 100. 100. 100. 100. 100. 100. 100. 100.
 100.]
Car 10 Energy: [100. 100. 100. 100. 100. 100. 100. 100. 100. 100. 100. 100. 100. 100.
 100.]
Car 11 Energy: [100. 100. 100. 100. 100. 100. 100. 100. 100. 100. 100. 100. 100. 100.
 100.]
Car 12 Energy: [100. 100. 100. 100. 100. 100. 100. 100. 100. 100. 100. 100. 100. 100.
 100.]
Car 13 Energy: [100. 100. 100. 100. 100. 100. 100. 100. 100. 100. 100. 100. 100. 100.
 100.]
Car 14 Energy: [100. 100. 100. 100. 100. 100. 100. 100. 100. 100. 100. 100. 100. 100.
 100.]
Car 15 Energy: [100. 100. 100. 100. 100. 100. 100. 100. 100. 100. 100. 100. 100. 100.
 100.]
Car 16 Energy: [100. 100. 100. 100. 100. 100. 100. 100. 100. 100. 100. 100. 100. 100.
 100.]
Car 17 Energy: [100. 100. 100. 100. 100. 100. 100. 100. 100. 100. 100. 100. 100. 100.
 100.]
Car 18 Energy: [100. 100. 100. 100. 100. 100. 100. 100. 100. 100. 100. 100. 100. 100.
 100.]
Car 19 Energy: [100. 100. 100. 100. 100. 100. 100. 100. 100. 100. 100. 100. 100. 100.
 100.]
Car 20 Energy: [100. 100. 100. 100. 100. 100. 100. 100. 100. 100. 100. 100. 100. 100.
 100.]
Car 21 Energy: [100. 100. 100. 100. 100. 100. 100. 100. 100. 100. 100. 100. 100. 100.
 100.]
Car 22 Energy: [100. 100. 100. 100. 100. 100. 100. 100. 100. 100. 100. 100. 100. 100.
 100.]
Car 23 Energy: [100. 100. 100. 100. 100. 100. 100. 100. 100. 100. 100. 100. 100. 100.
 100.]
Car 24 Energy: [100. 100. 100. 100. 100. 100. 100. 100. 100. 100. 100. 100. 100. 100.
 100.]
Car 25 Energy: [100. 100. 100. 100. 100. 100. 100. 100. 100. 100. 100. 100. 100. 100.
 100.]
Car 26 Energy: [100. 100. 100. 100. 100. 100. 100. 100. 100. 100. 100. 100. 100. 100.
 100.]
Car 27 Energy: [100. 100. 100. 100. 100. 100. 100. 100. 100. 100. 100. 100. 100. 100.
 100.]
Car 28 Energy: [100. 100. 100. 100. 100. 100. 100. 100. 100. 100. 100. 100. 100. 100.
 100.]
Car 29 Energy: [100. 100. 100. 100. 100. 100. 100. 100. 100. 100. 100. 100. 100. 100.
 100.]
Car 30 Energy: [100. 100. 100. 100. 100. 100. 100. 100. 100. 100. 100. 100. 100. 100.
 100.]
Car 31 Energy: [100. 100. 100. 100. 100. 100. 100. 100. 100. 100. 100. 100. 100. 100.
 100.]
Car 32 Energy: [100. 100. 100. 100. 100. 100. 100. 100. 100. 100. 100. 100. 100. 100.
 100.]
Car 33 Energy: [100. 100. 100. 100. 100. 100. 100. 100. 100. 100. 100. 100. 100. 100.
 100.]
Car 34 Energy: [100. 100. 100. 100. 100. 100. 100. 100. 100. 100. 100. 100. 100. 100.
 100.]
Car 35 Energy: [100. 100. 100. 100. 100. 100. 100. 100. 100. 100. 100. 100. 100. 100.
 100.]
Car 36 Energy: [100. 100. 100. 100. 100. 100. 100. 100. 100. 100. 100. 100. 100. 100.
 100.]
Car 37 Energy: [100. 100. 100. 100. 100. 100. 100. 100. 100. 100. 100. 100. 100. 100.
 100.]
Car 38 Energy: [100. 100. 100. 100. 100. 100. 100. 100. 100. 100. 100. 100. 100. 100.
 100.]
Car 39 Energy: [100. 100. 100. 100. 100. 100. 100. 100. 100. 100. 100. 100. 100. 100.
 100.]
Car 1 Uncertain Time: [   0.          909.87141949  946.21698318  965.63347102  982.12589352
  987.95684541  996.44212679 1008.60765185 1019.92136035 1037.38560954
 1043.46837208 1048.46837208 1065.23142669 1082.43607722 1960.8004663 ]
Car 2 Uncertain Time: [   0.          448.93763487  692.54387452  739.58640847  812.75744099
  822.24427397  865.52244399  906.37584042 1583.11064815    0.
    0.            0.            0.            0.            0.        ]
Car 3 Uncertain Time: [   0.          857.07059219  867.84092181  879.02126169  888.45524283
  896.51750057  906.51750057  926.76595731  941.76595731  943.76595731
  950.16908154  962.21067612  977.73485082  980.56327794 1851.57246274]
Car 4 Uncertain Time: [   0.          737.65371279  830.78802441  883.26659146  928.80778161
  975.8184187   998.62192721 1011.15189129 1045.28398762 1057.81395171
 1094.7056852  1133.91027677 1184.51660049 1387.61263688 2288.86121524]
Car 5 Uncertain Time: [   0.          614.7991542   626.20090845  651.69600601  665.69600601
  682.81324878  728.91097107  773.95539359  776.78382071  822.0607464
  825.66629768  853.82655336  872.07484095  875.23711861 1539.35909536]
Car 6 Uncertain Time: [   0.          961.26687241  980.47624513  993.00620921 1002.49304219
 1013.30969602 1037.07942467 1043.1621872  1050.97243687 1058.04350469
 1066.10576243 1071.10576243 1079.16802018 1104.22794835 2061.89020615]
Car 7 Uncertain Time: [   0.          966.71247018  971.18460613  981.03346394  992.43521819
 1014.90742324 1019.90742324 1040.78803626 1052.99459187 1074.08961498
 1088.40743605 1090.64350403 1112.23053717 1115.05896429 2069.89717048]
Car 8 Uncertain Time: [   0.          736.10121587  755.20618904  768.24459385  785.00764847
  795.77797808  822.9809191   843.22937583  860.43402636  885.67288529
 1015.67288529 1110.08686731 1160.62398238 1231.30637057 2006.14312757]
Car 9 Uncertain Time: [   0.          879.67835031  892.67835031  894.67835031  907.71675512
  917.76663074  943.76663074  946.00269872  971.06262689  973.29869487
 1004.92147147 1018.52294198 1035.01536448 1050.01536448 1913.91929432]
Car 10 Uncertain Time: [   0.          530.29802941  534.29802941  584.03734988  630.87750359
  659.3028444   679.32782879  742.57338199  757.33820506  832.30486431
  932.96270057  992.62843613 1043.87294803 1099.0906988  1600.36108492]
Car 11 Uncertain Time: [   0.          807.84466329  848.99074451  873.83022921  881.89248695
  891.89248695  895.49803823  914.47170419  940.41394773  966.4331714
 1022.52238604 1038.04656074 1041.2088384  1087.59849242 1880.78069091]
Car 12 Uncertain Time: [   0.          276.2118752   465.2780012   557.45717455  609.54364112
  646.42181895  675.07491651  741.11278444  743.34885242  758.96935177
  778.89421061  788.32819174  823.79648745  880.2588643  1332.55301637]
Car 13 Uncertain Time: [   0.          937.44333162  940.60560928  955.16582906  958.32810672
  975.59078322  990.85512074  996.24028555 1008.40581061 1011.23423774
 1014.23423774 1032.26199411 1046.1544381  1052.55756234 1992.0010146 ]
Car 14 Uncertain Time: [   0.          885.62125087  890.62125087  893.78352853  906.5114506
  917.32810442  945.39944212  953.01521522  960.08628304  981.18130614
  988.79707925  991.03314723 1001.80347684 1006.2756128  1916.27396444]
Car 15 Uncertain Time: [   0.          982.74716993  999.02599052 1014.25753674 1042.04242471
 1080.87540039 1122.17915325 1137.47621179 1153.63170621 1176.10391126
 1192.22842676 1219.6874872  1235.81200269 1251.93651819 2241.0942407 ]
Car 16 Uncertain Time: [   0.          911.94846346  977.68277717 1001.45250582 1033.07528242
 1069.32442034 1083.64224141 1096.01155828 1118.14750191 1138.07236075
 1162.27979763 1196.64547818 1270.00077792 1382.14800259 2382.34098396]
Car 17 Uncertain Time: [   0.          900.50263742  941.612247    949.22802011  988.92688659
 1009.95068263 1019.85017757 1052.42317252 1077.12135059 1099.59355564
 1133.7988184  1153.82380279 1156.05987077 1185.05987077 2060.10615526]
Car 18 Uncertain Time: [   0.          625.0511979   642.13920539  644.37527337  653.59481783
  665.59481783  675.02879896  684.24834342  733.09504239  749.25053681
  750.66475037  791.84727093  815.93046009  842.61378822 1436.90832799]
Car 19 Uncertain Time: [   0.          954.65176897  964.13860195  983.55508979  990.6261576
 1006.7506731  1010.87377872 1026.10532494 1044.13308131 1070.13308131
 1074.25618694 1082.06643662 1105.60364121 1121.63486075 2089.04067012]
Car 20 Uncertain Time: [   0.          738.8639929   771.00431026  782.40606451  812.88556582
  838.59548608  848.6453617   934.95874421  963.40166952  993.2345373
 1046.83491043 1061.83491043 1104.84653677 1118.88220561 1848.73835582]
Car 21 Uncertain Time: [   0.          827.93357221  837.98344784  848.27907798  849.69329154
  851.69329154  877.94210104  905.14504205  927.99236137  936.53636512
  948.19826891  971.62901793  996.14431928 1018.34792259 1840.96083277]
Car 22 Uncertain Time: [   0.          889.55550698  910.17103511  918.17103511  928.61134162
  952.94239174  980.67324099  993.04255786  998.04255786 1022.04255786
 1030.98682977 1032.40104334 1041.40104334 1049.94504708 1952.55681301]
Car 23 Uncertain Time: [   0.          595.73903683  597.15325039  606.20863553  625.23493312
  632.30600093  639.01420486  647.61653013  654.01965437  679.51475194
  724.11295818  746.13567372  760.13567372  788.98008393 1381.09915979]
Car 24 Uncertain Time: [   0.          756.72253832  781.31928607  807.72004364  840.78059415
  850.26742713  867.23798988  879.23798988  921.72328145  950.16620675
  974.18703105  994.41077947 1009.64232568 1021.80785074 1808.01520253]
Car 25 Uncertain Time: [   0.          873.86783898  879.86783898  888.47016424  896.95544562
  906.80430342  924.06697992  929.06697992  936.8772296   950.21889366
  974.73419501 1004.28076841 1013.33615355 1015.33615355 1896.14600817]
Car 26 Uncertain Time: [   0.          697.00071736  733.79745635  736.95973401  747.40004051
  761.00151102  764.00151102  777.03991583  783.12267836  787.59481432
  822.30792423  834.01262415  851.01262415  860.06800928 1550.91169638]
Car 27 Uncertain Time: [   0.          964.96269358  982.05070107  989.33081096 1000.64451946
 1023.27193646 1043.3716877  1046.53396536 1065.84717327 1078.88557808
 1090.28733234 1108.72642125 1128.14290909 1135.2139769  2093.53438261]
Car 28 Uncertain Time: [   0.          487.28328516  523.35266276  537.28105103  572.63639009
  587.86793631  598.16356645  607.21895158  668.31723307  695.48338848
  722.6863295   760.69948512  799.6481693   847.02960027 1301.61732557]
Car 29 Uncertain Time: [   0.          656.98249596  683.90832     700.93770636  740.76232187
  759.55061609  764.55061609  779.84767464  783.97078026  794.97078026
  807.97078026  814.67898419  821.67898419  828.08210843 1490.85884309]
Car 30 Uncertain Time: [   0.          726.749613    773.32213709  785.36373167  816.25062209
  838.61130187  864.55354541  878.69568103  917.81089547  920.04696344
  948.0648149   984.95654839 1020.4671102  1038.49486657 1751.53694107]
Car 31 Uncertain Time: [   0.          945.11904012  949.24214575  953.24214575  958.24214575
  964.32490828  974.62053842  984.81857745 1008.81857745 1019.81857745
 1024.91759696 1032.12869951 1038.53182375 1050.23652366 1988.04780531]
Car 32 Uncertain Time: [   0.          682.45219613  694.49379071  698.61689633  713.65019271
  727.79232833  742.55715139  751.10115514  769.48593145  775.31688335
  799.48297529  824.8009531   846.38798624  869.64739294 1545.87960158]
Car 33 Uncertain Time: [   0.          920.40425901  928.21450868  934.29727121  942.78255259
  946.90565821  950.06793587  962.59789996  972.8935301   979.96459791
  999.19998197 1002.80553325 1008.63648515 1023.93354369 1933.06114749]
Car 34 Uncertain Time: [   0.          642.62275092  656.07637497  665.56320795  668.72548561
  678.21231859  681.37459625  699.81368516  707.09379505  709.92222218
  715.57907643  725.42793423  733.67414548  737.27969676 1375.5288644 ]
Car 35 Uncertain Time: [   0.          665.45172627  666.45172627  680.05319678  697.08258315
  704.15365096  714.20352658  729.20352658  739.83367239  753.76206067
  760.4702646   775.70181082  785.1886438   795.1886438  1456.78822058]
Car 36 Uncertain Time: [   0.          924.78105517  953.22398048  966.64038834  979.28949898
  984.67466379  998.81679941 1006.02790196 1011.85885386 1012.85885386
 1030.66334767 1037.94345756 1054.94345756 1060.32862237 1974.05341682]
Car 37 Uncertain Time: [   0.          602.54460416  616.43704815  630.36543642  637.64554631
  647.69542194  661.29689244  664.12531957  668.12531957  684.12531957
  691.33642212  729.54636847  735.20322272  766.52414224 1322.28758113]
Car 38 Uncertain Time: [   0.          932.41675232  947.28282106  952.28282106  969.77567675
  979.77567675  989.77567675  993.89878237 1033.52200789 1051.2138139
 1072.47410552 1093.28275757 1116.10818199 1122.51130623 2052.03161262]
Car 39 Uncertain Time: [   0.          721.63217777  738.12460028  773.18169656  787.32383219
  818.72446912  890.90479885  929.19317829  965.41471884  996.28541693
 1041.63957881 1064.11178386 1105.12397717 1152.42091153 1889.88277495]
Car 1 UncertainEnergy: [100. 100. 100. 100. 100. 100. 100. 100. 100. 100. 100. 100. 100. 100.
 100.]
Car 2 UncertainEnergy: [100. 100. 100. 100. 100. 100. 100. 100. 100.   0.   0.   0.   0.   0.
   0.]
Car 3 UncertainEnergy: [100. 100. 100. 100. 100. 100. 100. 100. 100. 100. 100. 100. 100. 100.
 100.]
Car 4 UncertainEnergy: [100. 100. 100. 100. 100. 100. 100. 100. 100. 100. 100. 100. 100. 100.
 100.]
Car 5 UncertainEnergy: [100. 100. 100. 100. 100. 100. 100. 100. 100. 100. 100. 100. 100. 100.
 100.]
Car 6 UncertainEnergy: [100. 100. 100. 100. 100. 100. 100. 100. 100. 100. 100. 100. 100. 100.
 100.]
Car 7 UncertainEnergy: [100. 100. 100. 100. 100. 100. 100. 100. 100. 100. 100. 100. 100. 100.
 100.]
Car 8 UncertainEnergy: [100. 100. 100. 100. 100. 100. 100. 100. 100. 100. 100. 100. 100. 100.
 100.]
Car 9 UncertainEnergy: [100. 100. 100. 100. 100. 100. 100. 100. 100. 100. 100. 100. 100. 100.
 100.]
Car 10 UncertainEnergy: [100. 100. 100. 100. 100. 100. 100. 100. 100. 100. 100. 100. 100. 100.
 100.]
Car 11 UncertainEnergy: [100. 100. 100. 100. 100. 100. 100. 100. 100. 100. 100. 100. 100. 100.
 100.]
Car 12 UncertainEnergy: [100. 100. 100. 100. 100. 100. 100. 100. 100. 100. 100. 100. 100. 100.
 100.]
Car 13 UncertainEnergy: [100. 100. 100. 100. 100. 100. 100. 100. 100. 100. 100. 100. 100. 100.
 100.]
Car 14 UncertainEnergy: [100. 100. 100. 100. 100. 100. 100. 100. 100. 100. 100. 100. 100. 100.
 100.]
Car 15 UncertainEnergy: [100. 100. 100. 100. 100. 100. 100. 100. 100. 100. 100. 100. 100. 100.
 100.]
Car 16 UncertainEnergy: [100. 100. 100. 100. 100. 100. 100. 100. 100. 100. 100. 100. 100. 100.
 100.]
Car 17 UncertainEnergy: [100. 100. 100. 100. 100. 100. 100. 100. 100. 100. 100. 100. 100. 100.
 100.]
Car 18 UncertainEnergy: [100. 100. 100. 100. 100. 100. 100. 100. 100. 100. 100. 100. 100. 100.
 100.]
Car 19 UncertainEnergy: [100. 100. 100. 100. 100. 100. 100. 100. 100. 100. 100. 100. 100. 100.
 100.]
Car 20 UncertainEnergy: [100. 100. 100. 100. 100. 100. 100. 100. 100. 100. 100. 100. 100. 100.
 100.]
Car 21 UncertainEnergy: [100. 100. 100. 100. 100. 100. 100. 100. 100. 100. 100. 100. 100. 100.
 100.]
Car 22 UncertainEnergy: [100. 100. 100. 100. 100. 100. 100. 100. 100. 100. 100. 100. 100. 100.
 100.]
Car 23 UncertainEnergy: [100. 100. 100. 100. 100. 100. 100. 100. 100. 100. 100. 100. 100. 100.
 100.]
Car 24 UncertainEnergy: [100. 100. 100. 100. 100. 100. 100. 100. 100. 100. 100. 100. 100. 100.
 100.]
Car 25 UncertainEnergy: [100. 100. 100. 100. 100. 100. 100. 100. 100. 100. 100. 100. 100. 100.
 100.]
Car 26 UncertainEnergy: [100. 100. 100. 100. 100. 100. 100. 100. 100. 100. 100. 100. 100. 100.
 100.]
Car 27 UncertainEnergy: [100. 100. 100. 100. 100. 100. 100. 100. 100. 100. 100. 100. 100. 100.
 100.]
Car 28 UncertainEnergy: [100. 100. 100. 100. 100. 100. 100. 100. 100. 100. 100. 100. 100. 100.
 100.]
Car 29 UncertainEnergy: [100. 100. 100. 100. 100. 100. 100. 100. 100. 100. 100. 100. 100. 100.
 100.]
Car 30 UncertainEnergy: [100. 100. 100. 100. 100. 100. 100. 100. 100. 100. 100. 100. 100. 100.
 100.]
Car 31 UncertainEnergy: [100. 100. 100. 100. 100. 100. 100. 100. 100. 100. 100. 100. 100. 100.
 100.]
Car 32 UncertainEnergy: [100. 100. 100. 100. 100. 100. 100. 100. 100. 100. 100. 100. 100. 100.
 100.]
Car 33 UncertainEnergy: [100. 100. 100. 100. 100. 100. 100. 100. 100. 100. 100. 100. 100. 100.
 100.]
Car 34 UncertainEnergy: [100. 100. 100. 100. 100. 100. 100. 100. 100. 100. 100. 100. 100. 100.
 100.]
Car 35 UncertainEnergy: [100. 100. 100. 100. 100. 100. 100. 100. 100. 100. 100. 100. 100. 100.
 100.]
Car 36 UncertainEnergy: [100. 100. 100. 100. 100. 100. 100. 100. 100. 100. 100. 100. 100. 100.
 100.]
Car 37 UncertainEnergy: [100. 100. 100. 100. 100. 100. 100. 100. 100. 100. 100. 100. 100. 100.
 100.]
Car 38 UncertainEnergy: [100. 100. 100. 100. 100. 100. 100. 100. 100. 100. 100. 100. 100. 100.
 100.]
Car 39 UncertainEnergy: [100. 100. 100. 100. 100. 100. 100. 100. 100. 100. 100. 100. 100. 100.
 100.]
