[0, 22, 31, 89, 103, 133, 277, 279, 283, 294, 297, 337, 452, 502, 509, 578, 596, 728, 808, 812, 884, 980, 984]
[0, 2, 34, 35, 111, 191, 324, 329, 419, 493, 529, 628, 649, 677, 714, 776, 823, 851, 883, 926, 950, 976, 979]
[0, 21, 27, 86, 284, 414, 453, 528, 531, 590, 637, 638, 720, 805, 868, 899]
[0, 3, 17, 20, 76, 79, 87, 117, 131, 173, 268, 388, 405, 511, 576, 577, 772, 869, 971, 995]
[0, 119, 143, 145, 167, 168, 203, 424, 444, 484, 557, 571, 607, 643, 656, 755, 783, 806, 915, 964, 110]
[0, 51, 90, 108, 118, 200, 210, 232, 264, 291, 312, 358, 359, 375, 391, 430, 434, 439, 450, 799, 857, 960, 1000]
[0, 4, 30, 46, 106, 126, 184, 225, 233, 252, 276, 281, 383, 426, 496, 503, 504, 521, 527, 612, 700, 791, 891, 951, 977, 986, 996]
[0, 42, 98, 107, 120, 207, 274, 307, 325, 429, 479, 518, 549, 562, 632, 642, 683, 690, 737, 788, 894, 913, 919, 954]
[0, 7, 148, 190, 215, 347, 360, 376, 516, 614, 635, 661, 676, 697, 713, 773, 846, 872, 880, 932]
[0, 142, 149, 202, 243, 330, 367, 374, 394, 413, 427, 495, 535, 622, 652, 701, 759, 786, 800, 918, 929]
[0, 11, 125, 241, 254, 267, 332, 334, 342, 363, 366, 373, 382, 403, 465, 552, 587, 589, 624, 644, 653, 665, 678, 686, 758, 770, 832, 858, 862, 902]
[0, 58, 62, 64, 85, 88, 93, 146, 150, 487, 542, 619, 694, 734, 784, 817, 818, 826, 867, 870, 905, 934, 956, 998]
[0, 958, 234, 236, 300, 316, 321, 354, 485, 505, 515, 540, 565, 658, 723, 748, 801, 819, 836, 876]
[0, 45, 139, 186, 201, 206, 242, 248, 266, 306, 356, 386, 417, 431, 489, 561, 604, 724, 754, 774, 815, 938, 957, 959, 969]
[0, 50, 78, 128, 152, 212, 249, 302, 305, 327, 333, 353, 370, 432, 438, 454, 500, 646, 704, 730, 814, 888, 917, 999]
[0, 8, 48, 74, 104, 123, 220, 240, 245, 282, 298, 469, 492, 707, 710, 722, 753, 767, 775, 825, 839, 993]
[0, 72, 138, 217, 259, 263, 285, 288, 311, 317, 365, 371, 442, 475, 526, 574, 626, 641, 657, 781, 790, 821, 838, 855, 909, 923, 939, 970]
[0, 12, 13, 18, 55, 230, 260, 335, 350, 408, 507, 522, 532, 537, 601, 662, 664, 698, 742, 768, 873, 908, 978, 930]
[0, 1, 158, 181, 244, 287, 304, 344, 351, 362, 385, 421, 447, 572, 579, 689, 780, 820, 828, 834, 847, 854, 975]
[0, 52, 82, 171, 188, 246, 261, 262, 265, 378, 392, 397, 508, 593, 659, 663, 708, 727, 752, 861, 871, 892, 898, 925]
[0, 77, 208, 226, 250, 253, 257, 292, 410, 423, 539, 546, 615, 651, 674, 679, 711, 835, 896, 963]
[0, 6, 66, 83, 91, 113, 161, 286, 314, 331, 393, 415, 448, 520, 544, 555, 629, 654, 667, 669, 682, 687, 721, 743, 749, 756, 777, 795, 798, 886, 895, 901, 912, 973]
[0, 37, 84, 102, 109, 134, 154, 174, 180, 183, 199, 258, 270, 398, 506, 567, 627, 725, 771, 796, 856, 897, 911, 936, 941, 948, 747]
[0, 54, 127, 137, 169, 185, 216, 239, 323, 348, 380, 401, 482, 512, 556, 598, 599, 618, 691, 729, 779, 787, 829, 877]
[0, 47, 136, 159, 308, 404, 428, 514, 541, 551, 566, 575, 580, 591, 726, 813, 893, 910, 924, 987, 989, 991]
[0, 9, 15, 41, 80, 94, 96, 289, 301, 346, 355, 361, 406, 501, 588, 634, 650, 660, 702, 804, 942, 944, 972]
[0, 69, 100, 156, 178, 182, 189, 224, 272, 338, 387, 435, 466, 543, 563, 636, 715, 764, 769, 810, 860, 890, 985]
[0, 101, 194, 197, 211, 280, 322, 402, 440, 460, 494, 499, 547, 583, 640, 648, 655, 703, 719, 739, 792, 802, 840, 850, 927, 952]
[0, 99, 124, 315, 318, 461, 486, 488, 513, 519, 553, 606, 620, 744, 750, 807, 824, 830, 841, 864, 887, 983]
[0, 10, 24, 29, 63, 112, 157, 164, 229, 328, 377, 463, 490, 498, 695, 757, 803, 809, 845, 863, 914, 916, 992]
[0, 39, 71, 116, 144, 175, 219, 227, 379, 390, 400, 459, 545, 581, 582, 617, 633, 671, 673, 745, 762, 811, 859, 966, 974]
[0, 14, 16, 49, 61, 105, 129, 165, 195, 228, 278, 412, 436, 437, 441, 446, 474, 481, 523, 558, 560, 594, 613, 623, 693, 696, 760, 837, 881]
[0, 56, 60, 135, 160, 238, 303, 310, 340, 352, 422, 456, 586, 733, 778, 831, 843, 866, 882, 889, 904, 906, 928, 933, 981]
[0, 65, 75, 155, 192, 251, 269, 309, 548, 569, 573, 602, 608, 609, 681, 684, 685, 746, 782, 833, 885, 907, 920, 922, 940, 990]
[0, 19, 26, 36, 57, 67, 73, 147, 170, 295, 339, 368, 381, 420, 449, 458, 470, 477, 478, 497, 536, 559, 610, 675, 716, 741, 997]
[0, 68, 172, 222, 357, 364, 409, 411, 416, 445, 455, 464, 468, 534, 554, 585, 595, 605, 630, 639, 688, 709, 740, 765, 874, 945, 953, 982]
[0, 43, 114, 221, 247, 256, 273, 396, 418, 425, 443, 480, 616, 625, 647, 668, 670, 672, 706, 717, 731, 738, 785, 797, 853, 879, 962]
[0, 25, 28, 44, 92, 132, 177, 198, 214, 231, 293, 320, 343, 345, 369, 407, 491, 533, 570, 600, 680, 735, 794, 852, 865, 875, 931, 937, 988]
[0, 5, 53, 59, 81, 122, 130, 140, 153, 204, 213, 218, 255, 290, 313, 384, 462, 467, 592, 751, 793, 842, 943, 949]
[0, 97, 121, 162, 166, 193, 235, 271, 275, 319, 326, 336, 389, 530, 550, 584, 631, 666, 763, 848, 849, 878, 961, 967]
[0, 33, 40, 70, 163, 176, 196, 205, 223, 341, 349, 399, 472, 473, 476, 510, 568, 597, 621, 699, 705, 732, 827, 946, 947, 968, 994]
[0, 141, 151, 179, 187, 237, 372, 433, 457, 483, 524, 538, 611, 736, 766, 789, 816, 822, 844, 900, 903, 921, 935, 955, 115]
[0, 23, 32, 38, 95, 209, 296, 299, 395, 451, 471, 517, 525, 564, 603, 645, 692, 712, 718, 761, 965]
