Solver Type: Recursive
Solving Time: 1.7116246690000003
N: 30
Cars: 4
Clustering Method: Max_Eigenvalue
Recharge Model: ConstantRate
Cost: 427.71984853728014
Charging Stations: [22, 23, 24, 25, 26, 27, 28, 29]
Car 1 Trajectory Node: [ 0 11  4  3 25  1  6  8  0]
Car 2 Trajectory Node: [ 0 18 26 20 21 19  0  0  0]
Car 3 Trajectory Node: [ 0 14 15 17 16 23 13  0  0]
Car 4 Trajectory Node: [ 0 10 29  2  5  7  9 12  0]
Car 1 Time: [  0.          23.34523506  44.34523506  47.17366218  54.17366218
  71.37884043  90.06038212  98.12263987 122.30941311]
Car 2 Time: [  0.          29.06888371  38.06888371  46.0692047   62.3480253
  74.55458091 105.08325596   0.           0.        ]
Car 3 Time: [ 0.          7.07106781 25.07106781 47.74263591 62.06045697 70.12271472
 78.18516306 94.21638261  0.        ]
Car 4 Time: [  0.          17.2626765   40.34946926  48.41206034  62.97228012
  68.35744492  74.68200024  94.93045697 106.11079686]
Car 1 Energy: [ 9.40000000e+01  6.59857179e+01  4.07857179e+01  3.73916054e+01
  8.17622679e+01  6.11166872e+01  3.86988372e+01  2.90241279e+01
 -7.10542736e-15]
Car 2 Energy: [94.         59.11733955 80.41686151 70.81686151 51.28227679 36.63441005
  0.          0.          0.        ]
Car 3 Energy: [94.         85.51471863 63.91471863 36.70883691 19.52745163 28.91217275
 19.23746345  0.          0.        ]
Car 4 Energy: [94.         73.2847882  78.91319313 69.23848383 51.7662201  45.30402233
 37.71455594 13.41640786  0.        ]
Car 1 Uncertain Time: [  0.          23.34523506  44.34523506  47.17366218  54.17366218
  71.37884043  90.06038212  98.12263987 122.30941311]
Car 2 Uncertain Time: [  0.          29.06888371  38.06888371  46.0692047   62.3480253
  74.55458091 105.08325596   0.           0.        ]
Car 3 Uncertain Time: [ 0.          7.07106781 25.07106781 47.74263591 62.06045697 70.12271472
 78.18516306 94.21638261  0.        ]
Car 4 Uncertain Time: [  0.          17.2626765   40.34946926  48.41206034  62.97228012
  68.35744492  74.68200024  94.93045697 106.11079686]
Car 1 UncertainEnergy: [ 9.40000000e+01  6.59857179e+01  4.07857179e+01  3.73916054e+01
  8.17622679e+01  6.11166872e+01  3.86988372e+01  2.90241279e+01
 -7.10542736e-15]
Car 2 UncertainEnergy: [94.         59.11733955 80.41686151 70.81686151 51.28227679 36.63441005
  0.          0.          0.        ]
Car 3 UncertainEnergy: [94.         85.51471863 63.91471863 36.70883691 19.52745163 28.91217275
 19.23746345  0.          0.        ]
Car 4 UncertainEnergy: [94.         73.2847882  78.91319313 69.23848383 51.7662201  45.30402233
 37.71455594 13.41640786  0.        ]
