Solver Type: Recursive
N: 85
Cars: 7
Clustering Method: Max_Eigenvalue
Recharge Model: ConstantRate
Cost: 760.9266062369957
Charging Stations: [76, 77, 78, 79, 80, 81, 82, 83, 84]
Car 1 Trajectory Node: [ 0  3 44 32  9 25 78 55 50 18 24 49  0  0  0  0]
Car 2 Trajectory Node: [ 0 67 34 46 52 27 83 54 13 57 15 29 45  0  0  0]
Car 3 Trajectory Node: [ 0  7 35 53 11 65 66 84 59 14 19  8  0  0  0  0]
Car 4 Trajectory Node: [ 0 33  1 73 22 64 42 76 43 41 56 23 63 16  0  0]
Car 5 Trajectory Node: [ 0 80 17 40 39 31 81 10 38 58 72 12 26  0  0  0]
Car 6 Trajectory Node: [ 0 51  6 68  2 62 28 79 74 48 30  4 75  0  0  0]
Car 7 Trajectory Node: [ 0  5 82 37 20 70 70 60 71 69 36 47 21 61 79  0]
Car 1 Time: [  0.          19.6468827   22.6468827   27.74590222  34.95700477
  45.25263491  45.25263491  54.47268297  69.33875172  75.33875172
  88.49169816  95.56276597 123.63410366   0.           0.
   0.        ]
Car 2 Time: [ 0.          5.38516481 10.77032961 13.00639759 18.00639759 22.12950322
 29.93975289 37.01087775 44.82112742 53.36513117 57.60777185 67.80581088
 72.27794684 86.42008246  0.          0.        ]
Car 3 Time: [  0.          14.14213562  19.14213562  26.14213562  34.14213562
  41.21320344  48.49331332  57.03731707  67.03765821  77.66780402
  86.66780402  94.28357712 110.09496543   0.           0.
   0.        ]
Car 4 Time: [  0.          17.80449381  25.86675156  31.25191637  42.29727739
  55.8987479   64.8987479   67.72717502  70.88998362  75.36211957
  85.36211957  91.19307147 100.41261592 106.49537845 125.91186629
   0.        ]
Car 5 Time: [  0.           2.           8.40312424  15.11132817  25.11132817
  41.14254771  55.0349917   57.86366254  64.86366254  74.083207
  79.083207    88.083207    95.89345667 101.9762192    0.
   0.        ]
Car 6 Time: [ 0.         11.04536102 17.44848525 22.54750477 29.82761466 38.31289603
 44.71602027 47.71602027 52.18833494 60.25059269 67.3216605  76.54120496
 81.92636976 84.92636976  0.          0.        ]
Car 7 Time: [  0.          25.          31.40312424  32.40350107  38.48626361
  44.48626361  44.48626361  48.95839956  54.05741907  63.11280421
  70.32390676  76.727031    83.05158632  93.68173213 103.87977116
 127.96313903]
Car 1 Energy: [9.80000000e+01 7.44237408e+01 7.08237408e+01 6.47049173e+01
 5.60515943e+01 4.36968381e+01 9.40571582e+01 8.29937048e+01
 6.51544223e+01 5.79544223e+01 4.21708866e+01 3.36856052e+01
 1.42108547e-14 0.00000000e+00 0.00000000e+00 0.00000000e+00]
Car 2 Energy: [9.80000000e+01 9.15378022e+01 8.50756045e+01 8.23923229e+01
 7.63923229e+01 7.14445961e+01 6.77763270e+01 5.92910457e+01
 4.99187460e+01 3.96659416e+01 3.45747727e+01 2.23371259e+01
 1.69705627e+01 7.10542736e-15 0.00000000e+00 0.00000000e+00]
Car 3 Energy: [98.         81.02943725 75.02943725 66.62943725 57.02943725 48.54415588
 39.80802401 63.66876866 51.66876866 38.91259369 28.11259369 18.97366596
  0.          0.          0.          0.        ]
Car 4 Energy: [9.80000000e+01 7.66346074e+01 6.69598981e+01 6.04977004e+01
 4.72432671e+01 3.09215025e+01 2.01215025e+01 6.98209924e+01
 6.60262592e+01 6.06596961e+01 4.86596961e+01 4.16625538e+01
 3.05991004e+01 2.32997854e+01 3.55271368e-15 0.00000000e+00]
Car 5 Energy: [ 9.80000000e+01  9.56000000e+01  8.79162509e+01  7.98664062e+01
  6.78664062e+01  4.86289427e+01  5.63291805e+01  5.29350680e+01
  4.45350680e+01  3.34716146e+01  2.74716146e+01  1.66716146e+01
  7.29931504e+00 -3.55271368e-15  0.00000000e+00  0.00000000e+00]
Car 6 Energy: [98.         84.74556678 77.06181769 70.94299428 62.20686241 52.02452476
 44.34077568 58.61212677 53.24556362 43.57085432 35.08557295 24.0221196
 17.55992183 13.95992183  0.          0.        ]
Car 7 Energy: [ 9.80000000e+01  6.80000000e+01  9.80000000e+01  9.68000000e+01
  8.95006850e+01  8.23006850e+01  8.23006850e+01  7.69341218e+01
  7.08152984e+01  5.99488362e+01  5.12955132e+01  4.36117641e+01
  3.60222977e+01  2.32661227e+01  2.88998270e+01 -1.77635684e-14]
Car 1 Uncertain Time: [  0.          19.6468827   22.6468827   27.74590222  34.95700477
  45.25263491  45.25263491  54.47268297  69.33875172  75.33875172
  88.49169816  95.56276597 123.63410366   0.           0.
   0.        ]
Car 2 Uncertain Time: [ 0.          5.38516481 10.77032961 13.00639759 18.00639759 22.12950322
 29.93975289 37.01087775 44.82112742 53.36513117 57.60777185 67.80581088
 72.27794684 86.42008246  0.          0.        ]
Car 3 Uncertain Time: [  0.          14.14213562  19.14213562  26.14213562  34.14213562
  41.21320344  48.49331332  57.03731707  67.03765821  77.66780402
  86.66780402  94.28357712 110.09496543   0.           0.
   0.        ]
Car 4 Uncertain Time: [  0.          17.80449381  25.86675156  31.25191637  42.29727739
  55.8987479   64.8987479   67.72717502  70.88998362  75.36211957
  85.36211957  91.19307147 100.41261592 106.49537845 125.91186629
   0.        ]
Car 5 Uncertain Time: [  0.           2.           8.40312424  15.11132817  25.11132817
  41.14254771  55.0349917   57.86366254  64.86366254  74.083207
  79.083207    88.083207    95.89345667 101.9762192    0.
   0.        ]
Car 6 Uncertain Time: [ 0.         11.04536102 17.44848525 22.54750477 29.82761466 38.31289603
 44.71602027 47.71602027 52.18833494 60.25059269 67.3216605  76.54120496
 81.92636976 84.92636976  0.          0.        ]
Car 7 Uncertain Time: [  0.          25.          31.40312424  32.40350107  38.48626361
  44.48626361  44.48626361  48.95839956  54.05741907  63.11280421
  70.32390676  76.727031    83.05158632  93.68173213 103.87977116
 127.96313903]
Car 1 UncertainEnergy: [9.80000000e+01 7.44237408e+01 7.08237408e+01 6.47049173e+01
 5.60515943e+01 4.36968381e+01 9.40571582e+01 8.29937048e+01
 6.51544223e+01 5.79544223e+01 4.21708866e+01 3.36856052e+01
 1.42108547e-14 0.00000000e+00 0.00000000e+00 0.00000000e+00]
Car 2 UncertainEnergy: [9.80000000e+01 9.15378022e+01 8.50756045e+01 8.23923229e+01
 7.63923229e+01 7.14445961e+01 6.77763270e+01 5.92910457e+01
 4.99187460e+01 3.96659416e+01 3.45747727e+01 2.23371259e+01
 1.69705627e+01 7.10542736e-15 0.00000000e+00 0.00000000e+00]
Car 3 UncertainEnergy: [98.         81.02943725 75.02943725 66.62943725 57.02943725 48.54415588
 39.80802401 63.66876866 51.66876866 38.91259369 28.11259369 18.97366596
  0.          0.          0.          0.        ]
Car 4 UncertainEnergy: [9.80000000e+01 7.66346074e+01 6.69598981e+01 6.04977004e+01
 4.72432671e+01 3.09215025e+01 2.01215025e+01 6.98209924e+01
 6.60262592e+01 6.06596961e+01 4.86596961e+01 4.16625538e+01
 3.05991004e+01 2.32997854e+01 3.55271368e-15 0.00000000e+00]
Car 5 UncertainEnergy: [ 9.80000000e+01  9.56000000e+01  8.79162509e+01  7.98664062e+01
  6.78664062e+01  4.86289427e+01  5.63291805e+01  5.29350680e+01
  4.45350680e+01  3.34716146e+01  2.74716146e+01  1.66716146e+01
  7.29931504e+00 -3.55271368e-15  0.00000000e+00  0.00000000e+00]
Car 6 UncertainEnergy: [98.         84.74556678 77.06181769 70.94299428 62.20686241 52.02452476
 44.34077568 58.61212677 53.24556362 43.57085432 35.08557295 24.0221196
 17.55992183 13.95992183  0.          0.        ]
Car 7 UncertainEnergy: [ 9.80000000e+01  6.80000000e+01  9.80000000e+01  9.68000000e+01
  8.95006850e+01  8.23006850e+01  8.23006850e+01  7.69341218e+01
  7.08152984e+01  5.99488362e+01  5.12955132e+01  4.36117641e+01
  3.60222977e+01  2.32661227e+01  2.88998270e+01 -1.77635684e-14]
