Solver Type: Recursive
N: 85
Cars: 7
Clustering Method: Greedy_Method
Recharge Model: ConstantRate
Cost: 759.4670198766038
Charging Stations: [76, 77, 78, 79, 80, 81, 82, 83, 84]
Car 1 Trajectory Node: [ 0 17 40  9 25 78 55 18 50 32 44  3 51  0  0  0  0  0  0]
Car 2 Trajectory Node: [ 0 74 48 47 36 69 71 60 70 20 37 82  5 29 15 57 13 27  0]
Car 3 Trajectory Node: [ 0 35 19 14 59 84 66 65 11 53  7  0  0  0  0  0  0  0  0]
Car 4 Trajectory Node: [ 0 30  2 62 28 79 21 61 22  1 73 33  6  0  0  0  0  0  0]
Car 5 Trajectory Node: [ 0 67 26 58 38 10 81 31 39 72 12  0  0  0  0  0  0  0  0]
Car 6 Trajectory Node: [ 0 16 77 24 49 23 56 41 64 42 76 43 63  0  0  0  0  0  0]
Car 7 Trajectory Node: [ 0 34 46  8 54 52 45  4 68 75  0  0  0  0  0  0  0  0  0]
Car 1 Time: [  0.           8.06225775  14.77046168  24.61931948  34.91494962
  34.91494962  44.13472524  58.17039409  64.17039409  71.7861672
  76.88518671  79.88518671  89.88518671 100.93054773   0.
   0.           0.           0.           0.        ]
Car 2 Time: [  0.          20.          28.06225775  34.38681307  40.78993731
  48.00103986  57.056425    62.15544451  66.62758046  72.62758046
  78.71034299  79.71034299  86.11415563  92.82235956 103.02039859
 107.26303927 115.80704302 122.87811083 139.03360525]
Car 3 Time: [  0.          18.02775638  25.30786627  34.30786627  44.93801208
  54.93801208  63.48233876  70.76244865  77.83351646  85.83351646
  94.43584172 108.57797735   0.           0.           0.
   0.           0.           0.           0.        ]
Car 4 Time: [  0.          14.31782106  21.31782106  29.80310244  36.20622667
  39.20622667  45.91473348  56.54487929  68.75143491  78.60029271
  83.98545752  89.08447703  97.6868023  106.90634676   0.
   0.           0.           0.           0.        ]
Car 5 Time: [  0.           5.38516481  11.04201906  25.0776879   34.29723236
  41.29723236  44.12565949  58.01832506  74.04954461  79.04954461
  88.04954461 100.13259058   0.           0.           0.
   0.           0.           0.           0.        ]
Car 6 Time: [  0.          19.41648784  25.07334209  35.51394948  42.58501729
  52.63489291  58.46584481  68.46584481  80.83516168  89.83516168
  92.66358881  95.82614428 107.53084419 129.89152396   0.
   0.           0.           0.           0.        ]
Car 7 Time: [ 0.         10.         12.23606798 17.23606798 29.88517862 43.22684268
 52.17111459 59.2421824  66.52229229 70.99442825 73.99442825  0.
  0.          0.          0.          0.          0.          0.
  0.        ]
Car 1 Energy: [ 9.80000000e+01  8.83252907e+01  8.02754460e+01  6.84568166e+01
  5.61020605e+01  7.92184403e+01  6.81549870e+01  5.13121844e+01
  4.41121844e+01  3.49732566e+01  2.88544332e+01  2.52544332e+01
  1.32544332e+01 -8.88178420e-15  0.00000000e+00  0.00000000e+00
  0.00000000e+00  0.00000000e+00  0.00000000e+00]
Car 2 Energy: [ 9.80000000e+01  7.40000000e+01  6.43252907e+01  5.67358243e+01
  4.90520752e+01  4.03987522e+01  2.95322900e+01  2.34134666e+01
  1.80469034e+01  1.08469034e+01  3.54758841e+00  7.11870886e+01
  6.35033396e+01  5.54534948e+01  4.32158480e+01  3.81246792e+01
  2.78718747e+01  1.93865933e+01 -1.06581410e-14]
Car 3 Energy: [98.         76.36669235 67.63056048 56.83056048 44.0743855  64.3675708
 54.11476631 45.37863444 36.89335307 27.29335307 16.97056275  0.
  0.          0.          0.          0.          0.          0.
  0.        ]
Car 4 Energy: [9.80000000e+01 8.08186147e+01 7.24186147e+01 6.22362771e+01
 5.45525280e+01 8.12397806e+01 7.31899359e+01 6.04337610e+01
 4.57858942e+01 3.39672649e+01 2.75050671e+01 2.13862437e+01
 1.10634533e+01 8.88178420e-15 0.00000000e+00 0.00000000e+00
 0.00000000e+00 0.00000000e+00 0.00000000e+00]
Car 5 Energy: [9.80000000e+01 9.15378022e+01 8.47495771e+01 6.79067745e+01
 5.68433212e+01 4.84433212e+01 6.72080514e+01 5.05371186e+01
 3.12996552e+01 2.52996552e+01 1.44996552e+01 7.10542736e-15
 0.00000000e+00 0.00000000e+00 0.00000000e+00 0.00000000e+00
 0.00000000e+00 0.00000000e+00 0.00000000e+00]
Car 6 Energy: [98.         74.70021459 98.         85.47163219 76.98635082 64.92650007
 57.9293578  45.9293578  31.08617754 20.28617754 44.67318882 40.87845562
 26.83281573  0.          0.          0.          0.          0.
  0.        ]
Car 7 Energy: [98.         86.         83.31671843 77.31671843 62.13778566 46.12778878
 35.39466249 26.90938112 18.17324925 12.8066861   9.2066861   0.
  0.          0.          0.          0.          0.          0.
  0.        ]
Car 1 Uncertain Time: [  0.           8.06225775  14.77046168  24.61931948  34.91494962
  34.91494962  44.13472524  58.17039409  64.17039409  71.7861672
  76.88518671  79.88518671  89.88518671 100.93054773   0.
   0.           0.           0.           0.        ]
Car 2 Uncertain Time: [  0.          20.          28.06225775  34.38681307  40.78993731
  48.00103986  57.056425    62.15544451  66.62758046  72.62758046
  78.71034299  79.71034299  86.11415563  92.82235956 103.02039859
 107.26303927 115.80704302 122.87811083 139.03360525]
Car 3 Uncertain Time: [  0.          18.02775638  25.30786627  34.30786627  44.93801208
  54.93801208  63.48233876  70.76244865  77.83351646  85.83351646
  94.43584172 108.57797735   0.           0.           0.
   0.           0.           0.           0.        ]
Car 4 Uncertain Time: [  0.          14.31782106  21.31782106  29.80310244  36.20622667
  39.20622667  45.91473348  56.54487929  68.75143491  78.60029271
  83.98545752  89.08447703  97.6868023  106.90634676   0.
   0.           0.           0.           0.        ]
Car 5 Uncertain Time: [  0.           5.38516481  11.04201906  25.0776879   34.29723236
  41.29723236  44.12565949  58.01832506  74.04954461  79.04954461
  88.04954461 100.13259058   0.           0.           0.
   0.           0.           0.           0.        ]
Car 6 Uncertain Time: [  0.          19.41648784  25.07334209  35.51394948  42.58501729
  52.63489291  58.46584481  68.46584481  80.83516168  89.83516168
  92.66358881  95.82614428 107.53084419 129.89152396   0.
   0.           0.           0.           0.        ]
Car 7 Uncertain Time: [ 0.         10.         12.23606798 17.23606798 29.88517862 43.22684268
 52.17111459 59.2421824  66.52229229 70.99442825 73.99442825  0.
  0.          0.          0.          0.          0.          0.
  0.        ]
Car 1 UncertainEnergy: [ 9.80000000e+01  8.83252907e+01  8.02754460e+01  6.84568166e+01
  5.61020605e+01  7.92184403e+01  6.81549870e+01  5.13121844e+01
  4.41121844e+01  3.49732566e+01  2.88544332e+01  2.52544332e+01
  1.32544332e+01 -8.88178420e-15  0.00000000e+00  0.00000000e+00
  0.00000000e+00  0.00000000e+00  0.00000000e+00]
Car 2 UncertainEnergy: [ 9.80000000e+01  7.40000000e+01  6.43252907e+01  5.67358243e+01
  4.90520752e+01  4.03987522e+01  2.95322900e+01  2.34134666e+01
  1.80469034e+01  1.08469034e+01  3.54758841e+00  7.11870886e+01
  6.35033396e+01  5.54534948e+01  4.32158480e+01  3.81246792e+01
  2.78718747e+01  1.93865933e+01 -1.06581410e-14]
Car 3 UncertainEnergy: [98.         76.36669235 67.63056048 56.83056048 44.0743855  64.3675708
 54.11476631 45.37863444 36.89335307 27.29335307 16.97056275  0.
  0.          0.          0.          0.          0.          0.
  0.        ]
Car 4 UncertainEnergy: [9.80000000e+01 8.08186147e+01 7.24186147e+01 6.22362771e+01
 5.45525280e+01 8.12397806e+01 7.31899359e+01 6.04337610e+01
 4.57858942e+01 3.39672649e+01 2.75050671e+01 2.13862437e+01
 1.10634533e+01 8.88178420e-15 0.00000000e+00 0.00000000e+00
 0.00000000e+00 0.00000000e+00 0.00000000e+00]
Car 5 UncertainEnergy: [9.80000000e+01 9.15378022e+01 8.47495771e+01 6.79067745e+01
 5.68433212e+01 4.84433212e+01 6.72080514e+01 5.05371186e+01
 3.12996552e+01 2.52996552e+01 1.44996552e+01 7.10542736e-15
 0.00000000e+00 0.00000000e+00 0.00000000e+00 0.00000000e+00
 0.00000000e+00 0.00000000e+00 0.00000000e+00]
Car 6 UncertainEnergy: [98.         74.70021459 98.         85.47163219 76.98635082 64.92650007
 57.9293578  45.9293578  31.08617754 20.28617754 44.67318882 40.87845562
 26.83281573  0.          0.          0.          0.          0.
  0.        ]
Car 7 UncertainEnergy: [98.         86.         83.31671843 77.31671843 62.13778566 46.12778878
 35.39466249 26.90938112 18.17324925 12.8066861   9.2066861   0.
  0.          0.          0.          0.          0.          0.
  0.        ]
