Solver Type: Recursive
N: 101
Cars: 26
Clustering Method: Greedy_Method
Recharge Model: ConstantRate
Cost: 30142.989316383868
Charging Stations: []
Car 1 Trajectory Node: [ 0 84 90 76 69 92  0  0  0]
Car 2 Trajectory Node: [ 0 68 54 86  0  0  0  0  0]
Car 3 Trajectory Node: [ 0 13 74 55  0  0  0  0  0]
Car 4 Trajectory Node: [ 0 18  4 66  0  0  0  0  0]
Car 5 Trajectory Node: [ 0  1 70  9  0  0  0  0  0]
Car 6 Trajectory Node: [ 0  5 12 58  0  0  0  0  0]
Car 7 Trajectory Node: [ 0 63 39 16  0  0  0  0  0]
Car 8 Trajectory Node: [ 0 15 22 41 20  0  0  0  0]
Car 9 Trajectory Node: [ 0 14 42 65 10  0  0  0  0]
Car 10 Trajectory Node: [ 0 32 31 24 35  0  0  0  0]
Car 11 Trajectory Node: [ 0 80 34 26  8  0  0  0  0]
Car 12 Trajectory Node: [ 0 64 96  3 40 44  0  0  0]
Car 13 Trajectory Node: [ 0 67 48 47  0  0  0  0  0]
Car 14 Trajectory Node: [  0  17  94  38 100   0   0   0   0]
Car 15 Trajectory Node: [ 0 21 61 23 11  0  0  0  0]
Car 16 Trajectory Node: [ 0 50 85 30 79  0  0  0  0]
Car 17 Trajectory Node: [ 0 75 93 33  0  0  0  0  0]
Car 18 Trajectory Node: [ 0 46 95 73 53  0  0  0  0]
Car 19 Trajectory Node: [ 0 19 81 91 97  0  0  0  0]
Car 20 Trajectory Node: [ 0 52 83 71  0  0  0  0  0]
Car 21 Trajectory Node: [ 0 51 62 99  0  0  0  0  0]
Car 22 Trajectory Node: [ 0 56 89 98 27  0  0  0  0]
Car 23 Trajectory Node: [ 0 77 37 45  6  0  0  0  0]
Car 24 Trajectory Node: [ 0 88 59 60 87 72 57 28  0]
Car 25 Trajectory Node: [ 0 82 36 29 43  0  0  0  0]
Car 26 Trajectory Node: [ 0 25 78 49  2  7  0  0  0]
Car 1 Time: [   0.          563.53260775  579.34399605  602.16942047  673.33823387
  776.81770043 1376.71185776    0.            0.        ]
Car 2 Time: [   0.          565.01061937  593.6462615   660.76555827 1239.10110102
    0.            0.            0.            0.        ]
Car 3 Time: [   0.          626.34335632  682.24505575  706.98368951 1351.82863211
    0.            0.            0.            0.        ]
Car 4 Time: [   0.          347.66938318  431.72293754  619.78675649 1144.46284705
    0.            0.            0.            0.        ]
Car 5 Time: [   0.          554.11370674  677.57220179  864.27517445 1520.06324998
    0.            0.            0.            0.        ]
Car 6 Time: [  0.         171.23083834 309.93916542 376.42224597 603.90411338
   0.           0.           0.           0.        ]
Car 7 Time: [   0.          428.7061931   478.9555712   890.05288328 1559.70428513
    0.            0.            0.            0.        ]
Car 8 Time: [  0.         275.41423347 355.64515021 390.17050321 474.4853892
 838.42631848   0.           0.           0.        ]
Car 9 Time: [   0.          432.52861177  532.77331238  565.46887783  622.10808686
 1085.89790995    0.            0.            0.        ]
Car 10 Time: [  0.         146.73104648 268.73514477 388.95161619 544.29961263
 811.85521433   0.           0.           0.        ]
Car 11 Time: [   0.          234.36083291  251.36083291  519.51190973  765.8003585
 1022.66802871    0.            0.            0.        ]
Car 12 Time: [  0.         307.50934945 383.66708051 435.08692104 484.12772038
 516.080811   841.36222762   0.           0.        ]
Car 13 Time: [   0.          441.36719407  624.35626478  757.09661283 1339.78006034
    0.            0.            0.            0.        ]
Car 14 Time: [   0.          237.06539182  346.06997888  531.78481405  778.81720059
 1036.15161337    0.            0.            0.        ]
Car 15 Time: [  0.         209.80467106 294.61622688 384.42157193 551.28079403
 840.97718683   0.           0.           0.        ]
Car 16 Time: [  0.         153.3786165  330.08458697 377.25449263 492.01075608
 648.22855276   0.           0.           0.        ]
Car 17 Time: [  0.         269.80919184 378.93297476 467.66290207 807.18020649
   0.           0.           0.           0.        ]
Car 18 Time: [  0.         201.06217944 406.93835582 514.45579626 591.51421566
 933.9423103    0.           0.           0.        ]
Car 19 Time: [  0.         277.89206538 482.49167437 562.25382078 631.21757938
 990.69080509   0.           0.           0.        ]
Car 20 Time: [   0.          518.41392728  564.02094429  614.46893731 1220.75929679
    0.            0.            0.            0.        ]
Car 21 Time: [   0.          574.42318895  635.45596703  670.28411656 1314.52165039
    0.            0.            0.            0.        ]
Car 22 Time: [   0.          328.90120097  692.16694392  765.71964611  991.20800501
 1413.8721743     0.            0.            0.        ]
Car 23 Time: [   0.          418.62871378  649.14552445  883.4871554  1120.52301767
 1762.65228814    0.            0.            0.        ]
Car 24 Time: [   0.          409.59125967  436.51708371  468.28184406  552.57300611
  631.7752788   632.7752788   691.08479775 1158.39411715]
Car 25 Time: [   0.          486.41237649  752.29957061  757.29957061  818.29957061
 1616.86891638    0.            0.            0.        ]
Car 26 Time: [   0.          462.40782865  572.02990672  740.93816584  831.07694773
 1002.61703051 1662.98435254    0.            0.        ]
Car 1 Energy: [100. 100. 100. 100. 100. 100. 100.   0.   0.]
Car 2 Energy: [100. 100. 100. 100. 100.   0.   0.   0.   0.]
Car 3 Energy: [100. 100. 100. 100. 100.   0.   0.   0.   0.]
Car 4 Energy: [100. 100. 100. 100. 100.   0.   0.   0.   0.]
Car 5 Energy: [100. 100. 100. 100. 100.   0.   0.   0.   0.]
Car 6 Energy: [100. 100. 100. 100. 100.   0.   0.   0.   0.]
Car 7 Energy: [100. 100. 100. 100. 100.   0.   0.   0.   0.]
Car 8 Energy: [100. 100. 100. 100. 100. 100.   0.   0.   0.]
Car 9 Energy: [100. 100. 100. 100. 100. 100.   0.   0.   0.]
Car 10 Energy: [100. 100. 100. 100. 100. 100.   0.   0.   0.]
Car 11 Energy: [100. 100. 100. 100. 100. 100.   0.   0.   0.]
Car 12 Energy: [100. 100. 100. 100. 100. 100. 100.   0.   0.]
Car 13 Energy: [100. 100. 100. 100. 100.   0.   0.   0.   0.]
Car 14 Energy: [100. 100. 100. 100. 100. 100.   0.   0.   0.]
Car 15 Energy: [100. 100. 100. 100. 100. 100.   0.   0.   0.]
Car 16 Energy: [100. 100. 100. 100. 100. 100.   0.   0.   0.]
Car 17 Energy: [100. 100. 100. 100. 100.   0.   0.   0.   0.]
Car 18 Energy: [100. 100. 100. 100. 100. 100.   0.   0.   0.]
Car 19 Energy: [100. 100. 100. 100. 100. 100.   0.   0.   0.]
Car 20 Energy: [100. 100. 100. 100. 100.   0.   0.   0.   0.]
Car 21 Energy: [100. 100. 100. 100. 100.   0.   0.   0.   0.]
Car 22 Energy: [100. 100. 100. 100. 100. 100.   0.   0.   0.]
Car 23 Energy: [100. 100. 100. 100. 100. 100.   0.   0.   0.]
Car 24 Energy: [100. 100. 100. 100. 100. 100. 100. 100. 100.]
Car 25 Energy: [100. 100. 100. 100. 100. 100.   0.   0.   0.]
Car 26 Energy: [100. 100. 100. 100. 100. 100. 100.   0.   0.]
Car 1 Uncertain Time: [   0.          563.53260775  579.34399605  602.16942047  673.33823387
  776.81770043 1376.71185776    0.            0.        ]
Car 2 Uncertain Time: [   0.          565.01061937  593.6462615   660.76555827 1239.10110102
    0.            0.            0.            0.        ]
Car 3 Uncertain Time: [   0.          626.34335632  682.24505575  706.98368951 1351.82863211
    0.            0.            0.            0.        ]
Car 4 Uncertain Time: [   0.          347.66938318  431.72293754  619.78675649 1144.46284705
    0.            0.            0.            0.        ]
Car 5 Uncertain Time: [   0.          554.11370674  677.57220179  864.27517445 1520.06324998
    0.            0.            0.            0.        ]
Car 6 Uncertain Time: [  0.         171.23083834 309.93916542 376.42224597 603.90411338
   0.           0.           0.           0.        ]
Car 7 Uncertain Time: [   0.          428.7061931   478.9555712   890.05288328 1559.70428513
    0.            0.            0.            0.        ]
Car 8 Uncertain Time: [  0.         275.41423347 355.64515021 390.17050321 474.4853892
 838.42631848   0.           0.           0.        ]
Car 9 Uncertain Time: [   0.          432.52861177  532.77331238  565.46887783  622.10808686
 1085.89790995    0.            0.            0.        ]
Car 10 Uncertain Time: [  0.         146.73104648 268.73514477 388.95161619 544.29961263
 811.85521433   0.           0.           0.        ]
Car 11 Uncertain Time: [   0.          234.36083291  251.36083291  519.51190973  765.8003585
 1022.66802871    0.            0.            0.        ]
Car 12 Uncertain Time: [  0.         307.50934945 383.66708051 435.08692104 484.12772038
 516.080811   841.36222762   0.           0.        ]
Car 13 Uncertain Time: [   0.          441.36719407  624.35626478  757.09661283 1339.78006034
    0.            0.            0.            0.        ]
Car 14 Uncertain Time: [   0.          237.06539182  346.06997888  531.78481405  778.81720059
 1036.15161337    0.            0.            0.        ]
Car 15 Uncertain Time: [  0.         209.80467106 294.61622688 384.42157193 551.28079403
 840.97718683   0.           0.           0.        ]
Car 16 Uncertain Time: [  0.         153.3786165  330.08458697 377.25449263 492.01075608
 648.22855276   0.           0.           0.        ]
Car 17 Uncertain Time: [  0.         269.80919184 378.93297476 467.66290207 807.18020649
   0.           0.           0.           0.        ]
Car 18 Uncertain Time: [  0.         201.06217944 406.93835582 514.45579626 591.51421566
 933.9423103    0.           0.           0.        ]
Car 19 Uncertain Time: [  0.         277.89206538 482.49167437 562.25382078 631.21757938
 990.69080509   0.           0.           0.        ]
Car 20 Uncertain Time: [   0.          518.41392728  564.02094429  614.46893731 1220.75929679
    0.            0.            0.            0.        ]
Car 21 Uncertain Time: [   0.          574.42318895  635.45596703  670.28411656 1314.52165039
    0.            0.            0.            0.        ]
Car 22 Uncertain Time: [   0.          328.90120097  692.16694392  765.71964611  991.20800501
 1413.8721743     0.            0.            0.        ]
Car 23 Uncertain Time: [   0.          418.62871378  649.14552445  883.4871554  1120.52301767
 1762.65228814    0.            0.            0.        ]
Car 24 Uncertain Time: [   0.          409.59125967  436.51708371  468.28184406  552.57300611
  631.7752788   632.7752788   691.08479775 1158.39411715]
Car 25 Uncertain Time: [   0.          486.41237649  752.29957061  757.29957061  818.29957061
 1616.86891638    0.            0.            0.        ]
Car 26 Uncertain Time: [   0.          462.40782865  572.02990672  740.93816584  831.07694773
 1002.61703051 1662.98435254    0.            0.        ]
Car 1 UncertainEnergy: [100. 100. 100. 100. 100. 100. 100.   0.   0.]
Car 2 UncertainEnergy: [100. 100. 100. 100. 100.   0.   0.   0.   0.]
Car 3 UncertainEnergy: [100. 100. 100. 100. 100.   0.   0.   0.   0.]
Car 4 UncertainEnergy: [100. 100. 100. 100. 100.   0.   0.   0.   0.]
Car 5 UncertainEnergy: [100. 100. 100. 100. 100.   0.   0.   0.   0.]
Car 6 UncertainEnergy: [100. 100. 100. 100. 100.   0.   0.   0.   0.]
Car 7 UncertainEnergy: [100. 100. 100. 100. 100.   0.   0.   0.   0.]
Car 8 UncertainEnergy: [100. 100. 100. 100. 100. 100.   0.   0.   0.]
Car 9 UncertainEnergy: [100. 100. 100. 100. 100. 100.   0.   0.   0.]
Car 10 UncertainEnergy: [100. 100. 100. 100. 100. 100.   0.   0.   0.]
Car 11 UncertainEnergy: [100. 100. 100. 100. 100. 100.   0.   0.   0.]
Car 12 UncertainEnergy: [100. 100. 100. 100. 100. 100. 100.   0.   0.]
Car 13 UncertainEnergy: [100. 100. 100. 100. 100.   0.   0.   0.   0.]
Car 14 UncertainEnergy: [100. 100. 100. 100. 100. 100.   0.   0.   0.]
Car 15 UncertainEnergy: [100. 100. 100. 100. 100. 100.   0.   0.   0.]
Car 16 UncertainEnergy: [100. 100. 100. 100. 100. 100.   0.   0.   0.]
Car 17 UncertainEnergy: [100. 100. 100. 100. 100.   0.   0.   0.   0.]
Car 18 UncertainEnergy: [100. 100. 100. 100. 100. 100.   0.   0.   0.]
Car 19 UncertainEnergy: [100. 100. 100. 100. 100. 100.   0.   0.   0.]
Car 20 UncertainEnergy: [100. 100. 100. 100. 100.   0.   0.   0.   0.]
Car 21 UncertainEnergy: [100. 100. 100. 100. 100.   0.   0.   0.   0.]
Car 22 UncertainEnergy: [100. 100. 100. 100. 100. 100.   0.   0.   0.]
Car 23 UncertainEnergy: [100. 100. 100. 100. 100. 100.   0.   0.   0.]
Car 24 UncertainEnergy: [100. 100. 100. 100. 100. 100. 100. 100. 100.]
Car 25 UncertainEnergy: [100. 100. 100. 100. 100. 100.   0.   0.   0.]
Car 26 UncertainEnergy: [100. 100. 100. 100. 100. 100. 100.   0.   0.]
