Solver Type: Recursive
Solving Time: 5.086816346999999
N: 101
Cars: 26
Clustering Method: Max_Eigenvalue
Recharge Model: ConstantRate
Cost: 29053.547672263678
Solution Gap: 5.3008142954719935
Charging Stations: []
Car 1 Trajectory Node: [ 0  3 96 59 88  0  0]
Car 2 Trajectory Node: [ 0 15 22 41 20  0  0]
Car 3 Trajectory Node: [ 0 94 26 47 48  0  0]
Car 4 Trajectory Node: [ 0  1 70 54  0  0  0]
Car 5 Trajectory Node: [ 0 50 19 11 85 30  0]
Car 6 Trajectory Node: [ 0 67 60 57 72 87  0]
Car 7 Trajectory Node: [ 0 79 93 33  0  0  0]
Car 8 Trajectory Node: [  0  21 100  61  56   0   0]
Car 9 Trajectory Node: [ 0 18 39 63 14  0  0]
Car 10 Trajectory Node: [ 0 75 53 73 95  0  0]
Car 11 Trajectory Node: [ 0  4 13 74  0  0  0]
Car 12 Trajectory Node: [ 0 80 17 34 64 40  0]
Car 13 Trajectory Node: [ 0 86  9 92  0  0  0]
Car 14 Trajectory Node: [ 0 58 44  8  0  0  0]
Car 15 Trajectory Node: [ 0 23 97 27  0  0  0]
Car 16 Trajectory Node: [ 0 76 55 16 69  0  0]
Car 17 Trajectory Node: [ 0 37 36 29 43 45  0]
Car 18 Trajectory Node: [ 0 66 84 90 68  0  0]
Car 19 Trajectory Node: [ 0 32 31 46 24  0  0]
Car 20 Trajectory Node: [ 0 77  6 82  0  0  0]
Car 21 Trajectory Node: [ 0 62 99 98 89  0  0]
Car 22 Trajectory Node: [ 0 25 65 78 42 28  0]
Car 23 Trajectory Node: [ 0 81 71 51 52  0  0]
Car 24 Trajectory Node: [ 0 91 83 38  0  0  0]
Car 25 Trajectory Node: [ 0 12  5 35  0  0  0]
Car 26 Trajectory Node: [ 0 10 49  2  7  0  0]
Car 1 Time: [  0.         343.35113222 394.77097275 476.99019192 503.91601595
 913.50727563   0.        ]
Car 2 Time: [  0.         275.41423347 355.64515021 390.17050321 474.4853892
 838.42631848   0.        ]
Car 3 Time: [   0.          338.42281247  504.31735729  601.09028739  733.83063543
 1280.51884639    0.        ]
Car 4 Time: [   0.          554.11370674  677.57220179  864.6791231  1456.07492964
    0.            0.        ]
Car 5 Time: [  0.         153.3786165  289.02890216 420.92279891 488.92279891
 536.09270457 797.29186231]
Car 6 Time: [   0.          441.36719407  451.5652331   493.05017012  494.05017012
  573.25244282 1093.59079428]
Car 7 Time: [  0.         156.21779668 440.53628008 529.26620738 868.7835118
   0.           0.        ]
Car 8 Time: [  0.         209.80467106 257.48066083 305.81284472 493.59197029
 822.49317126   0.        ]
Car 9 Time: [  0.         347.66938318 491.27996775 541.52934585 566.22752392
 998.75613569   0.        ]
Car 10 Time: [  0.         269.80919184 440.46674368 517.52516307 625.04260352
 921.98199127   0.        ]
Car 11 Time: [   0.          429.85695295  643.07280602  698.97450546 1349.03681016
    0.            0.        ]
Car 12 Time: [  0.         234.36083291 237.36083291 253.17222121 312.53550952
 380.89485417 721.09038618]
Car 13 Time: [   0.          578.33554274  688.47182196  744.3735214  1344.26767873
    0.            0.        ]
Car 14 Time: [  0.         227.48186741 343.22295778 513.17883441 770.04650462
   0.           0.        ]
Car 15 Time: [  0.         215.52262062 360.61914022 471.83964193 894.50381122
   0.           0.        ]
Car 16 Time: [   0.          594.55697793  646.52812377  674.31301175  703.4334513
 1363.70687951    0.        ]
Car 17 Time: [   0.          649.13788982  753.18115005  758.18115005  819.18115005
  978.94660314 1852.96719786]
Car 18 Time: [   0.          524.67609055  563.68890896  579.50029726  639.58357281
 1204.59419217    0.        ]
Car 19 Time: [  0.         146.73104648 268.73514477 421.74821611 483.91734027
 652.06311037   0.        ]
Car 20 Time: [   0.          418.62871378  642.52154529  802.58715683 1288.99953332
    0.            0.        ]
Car 21 Time: [   0.          629.23207166  664.06022119  743.36974143  816.92244362
 1456.34874899    0.        ]
Car 22 Time: [   0.          462.40782865  520.45952975  572.8140902   614.04514646
  682.77650757 1150.08582697]
Car 23 Time: [   0.          480.80037438  624.1495983   656.05571057  722.78651305
 1241.20044033    0.        ]
Car 24 Time: [   0.          428.43552607  560.28392386  831.46836294 1317.61648852
    0.            0.        ]
Car 25 Time: [  0.         224.17850031 362.88682738 529.48214544 797.03774714
   0.           0.        ]
Car 26 Time: [   0.          463.78982309  736.51129272  826.65007461  998.19015739
 1658.55747942    0.        ]
Car 1 Energy: [100. 100. 100. 100. 100. 100.   0.]
Car 2 Energy: [100. 100. 100. 100. 100. 100.   0.]
Car 3 Energy: [100. 100. 100. 100. 100. 100.   0.]
Car 4 Energy: [100. 100. 100. 100. 100.   0.   0.]
Car 5 Energy: [100. 100. 100. 100. 100. 100. 100.]
Car 6 Energy: [100. 100. 100. 100. 100. 100. 100.]
Car 7 Energy: [100. 100. 100. 100. 100.   0.   0.]
Car 8 Energy: [100. 100. 100. 100. 100. 100.   0.]
Car 9 Energy: [100. 100. 100. 100. 100. 100.   0.]
Car 10 Energy: [100. 100. 100. 100. 100. 100.   0.]
Car 11 Energy: [100. 100. 100. 100. 100.   0.   0.]
Car 12 Energy: [100. 100. 100. 100. 100. 100. 100.]
Car 13 Energy: [100. 100. 100. 100. 100.   0.   0.]
Car 14 Energy: [100. 100. 100. 100. 100.   0.   0.]
Car 15 Energy: [100. 100. 100. 100. 100.   0.   0.]
Car 16 Energy: [100. 100. 100. 100. 100. 100.   0.]
Car 17 Energy: [100. 100. 100. 100. 100. 100. 100.]
Car 18 Energy: [100. 100. 100. 100. 100. 100.   0.]
Car 19 Energy: [100. 100. 100. 100. 100. 100.   0.]
Car 20 Energy: [100. 100. 100. 100. 100.   0.   0.]
Car 21 Energy: [100. 100. 100. 100. 100. 100.   0.]
Car 22 Energy: [100. 100. 100. 100. 100. 100. 100.]
Car 23 Energy: [100. 100. 100. 100. 100. 100.   0.]
Car 24 Energy: [100. 100. 100. 100. 100.   0.   0.]
Car 25 Energy: [100. 100. 100. 100. 100.   0.   0.]
Car 26 Energy: [100. 100. 100. 100. 100. 100.   0.]
Car 1 Uncertain Time: [  0.         343.35113222 394.77097275 476.99019192 503.91601595
 913.50727563   0.        ]
Car 2 Uncertain Time: [  0.         275.41423347 355.64515021 390.17050321 474.4853892
 838.42631848   0.        ]
Car 3 Uncertain Time: [   0.          338.42281247  504.31735729  601.09028739  733.83063543
 1280.51884639    0.        ]
Car 4 Uncertain Time: [   0.          554.11370674  677.57220179  864.6791231  1456.07492964
    0.            0.        ]
Car 5 Uncertain Time: [  0.         153.3786165  289.02890216 420.92279891 488.92279891
 536.09270457 797.29186231]
Car 6 Uncertain Time: [   0.          441.36719407  451.5652331   493.05017012  494.05017012
  573.25244282 1093.59079428]
Car 7 Uncertain Time: [  0.         156.21779668 440.53628008 529.26620738 868.7835118
   0.           0.        ]
Car 8 Uncertain Time: [  0.         209.80467106 257.48066083 305.81284472 493.59197029
 822.49317126   0.        ]
Car 9 Uncertain Time: [  0.         347.66938318 491.27996775 541.52934585 566.22752392
 998.75613569   0.        ]
Car 10 Uncertain Time: [  0.         269.80919184 440.46674368 517.52516307 625.04260352
 921.98199127   0.        ]
Car 11 Uncertain Time: [   0.          429.85695295  643.07280602  698.97450546 1349.03681016
    0.            0.        ]
Car 12 Uncertain Time: [  0.         234.36083291 237.36083291 253.17222121 312.53550952
 380.89485417 721.09038618]
Car 13 Uncertain Time: [   0.          578.33554274  688.47182196  744.3735214  1344.26767873
    0.            0.        ]
Car 14 Uncertain Time: [  0.         227.48186741 343.22295778 513.17883441 770.04650462
   0.           0.        ]
Car 15 Uncertain Time: [  0.         215.52262062 360.61914022 471.83964193 894.50381122
   0.           0.        ]
Car 16 Uncertain Time: [   0.          594.55697793  646.52812377  674.31301175  703.4334513
 1363.70687951    0.        ]
Car 17 Uncertain Time: [   0.          649.13788982  753.18115005  758.18115005  819.18115005
  978.94660314 1852.96719786]
Car 18 Uncertain Time: [   0.          524.67609055  563.68890896  579.50029726  639.58357281
 1204.59419217    0.        ]
Car 19 Uncertain Time: [  0.         146.73104648 268.73514477 421.74821611 483.91734027
 652.06311037   0.        ]
Car 20 Uncertain Time: [   0.          418.62871378  642.52154529  802.58715683 1288.99953332
    0.            0.        ]
Car 21 Uncertain Time: [   0.          629.23207166  664.06022119  743.36974143  816.92244362
 1456.34874899    0.        ]
Car 22 Uncertain Time: [   0.          462.40782865  520.45952975  572.8140902   614.04514646
  682.77650757 1150.08582697]
Car 23 Uncertain Time: [   0.          480.80037438  624.1495983   656.05571057  722.78651305
 1241.20044033    0.        ]
Car 24 Uncertain Time: [   0.          428.43552607  560.28392386  831.46836294 1317.61648852
    0.            0.        ]
Car 25 Uncertain Time: [  0.         224.17850031 362.88682738 529.48214544 797.03774714
   0.           0.        ]
Car 26 Uncertain Time: [   0.          463.78982309  736.51129272  826.65007461  998.19015739
 1658.55747942    0.        ]
Car 1 UncertainEnergy: [100. 100. 100. 100. 100. 100.   0.]
Car 2 UncertainEnergy: [100. 100. 100. 100. 100. 100.   0.]
Car 3 UncertainEnergy: [100. 100. 100. 100. 100. 100.   0.]
Car 4 UncertainEnergy: [100. 100. 100. 100. 100.   0.   0.]
Car 5 UncertainEnergy: [100. 100. 100. 100. 100. 100. 100.]
Car 6 UncertainEnergy: [100. 100. 100. 100. 100. 100. 100.]
Car 7 UncertainEnergy: [100. 100. 100. 100. 100.   0.   0.]
Car 8 UncertainEnergy: [100. 100. 100. 100. 100. 100.   0.]
Car 9 UncertainEnergy: [100. 100. 100. 100. 100. 100.   0.]
Car 10 UncertainEnergy: [100. 100. 100. 100. 100. 100.   0.]
Car 11 UncertainEnergy: [100. 100. 100. 100. 100.   0.   0.]
Car 12 UncertainEnergy: [100. 100. 100. 100. 100. 100. 100.]
Car 13 UncertainEnergy: [100. 100. 100. 100. 100.   0.   0.]
Car 14 UncertainEnergy: [100. 100. 100. 100. 100.   0.   0.]
Car 15 UncertainEnergy: [100. 100. 100. 100. 100.   0.   0.]
Car 16 UncertainEnergy: [100. 100. 100. 100. 100. 100.   0.]
Car 17 UncertainEnergy: [100. 100. 100. 100. 100. 100. 100.]
Car 18 UncertainEnergy: [100. 100. 100. 100. 100. 100.   0.]
Car 19 UncertainEnergy: [100. 100. 100. 100. 100. 100.   0.]
Car 20 UncertainEnergy: [100. 100. 100. 100. 100.   0.   0.]
Car 21 UncertainEnergy: [100. 100. 100. 100. 100. 100.   0.]
Car 22 UncertainEnergy: [100. 100. 100. 100. 100. 100. 100.]
Car 23 UncertainEnergy: [100. 100. 100. 100. 100. 100.   0.]
Car 24 UncertainEnergy: [100. 100. 100. 100. 100.   0.   0.]
Car 25 UncertainEnergy: [100. 100. 100. 100. 100.   0.   0.]
Car 26 UncertainEnergy: [100. 100. 100. 100. 100. 100.   0.]
