Solver Type: Gurobi
N: 251
Cars: 28
Clustering Method: Greedy_Method
Recharge Model: ConstantRate
Cost: 40754.05914035596
Charging Stations: []
Car 1 Trajectory Node: [  0  75  54 125  50  57  33  27  41   0   0   0]
Car 2 Trajectory Node: [  0  80 119 101  47   1   6  83   5   0   0   0]
Car 3 Trajectory Node: [  0  65  92 250  60  10  16 199  36 186   0   0]
Car 4 Trajectory Node: [  0 139 226 155 213 231 170 224 208 212   0   0]
Car 5 Trajectory Node: [  0 163 151 249 242  46 225 241 162 126   0   0]
Car 6 Trajectory Node: [  0   2 142  19 185 196 233 174 132   0   0   0]
Car 7 Trajectory Node: [  0 197  24  77 194 193 216 180 129 120   0   0]
Car 8 Trajectory Node: [  0  95 106  58   7  85  78  98  38   0   0   0]
Car 9 Trajectory Node: [  0  37  79  55  31  97 121 107  90   0   0   0]
Car 10 Trajectory Node: [  0 144 243 184 187 157 102  42  40 103   0   0]
Car 11 Trajectory Node: [  0 112  20 229   4  81 116 118  25  15   0   0]
Car 12 Trajectory Node: [  0 207 152 228  82 240 192 168 178   0   0   0]
Car 13 Trajectory Node: [  0  71 158 206  39 108 215  17  66 137   0   0]
Car 14 Trajectory Node: [  0 238  45 236  22 239 143 149  26 169 245   0]
Car 15 Trajectory Node: [  0 183 191  62 248 160 173 161 235 214   0   0]
Car 16 Trajectory Node: [  0 133 203 230 209 247 154 150 127 237   0   0]
Car 17 Trajectory Node: [  0  59  52  56  74  32 188  13  72   0   0   0]
Car 18 Trajectory Node: [  0 220 195 198 244 205 138 222 190  64   0   0]
Car 19 Trajectory Node: [  0  67 141 135 167 172  28 181 177 189   0   0]
Car 20 Trajectory Node: [  0 111  53  35  69  14  87  73  11   0   0   0]
Car 21 Trajectory Node: [  0 175 165 202   8 221  94 156 201 211   0   0]
Car 22 Trajectory Node: [  0 246 140 159 219 176 227 147 200 179   0   0]
Car 23 Trajectory Node: [  0  23  21   3 110 113 130 136  86   9  96   0]
Car 24 Trajectory Node: [  0 182 145 210 218 171 223 131 128 234 148   0]
Car 25 Trajectory Node: [  0 166  76 217 117 204 114 164 153 146   0   0]
Car 26 Trajectory Node: [  0  84 124  34  51 123 109  99 105 115 232   0]
Car 27 Trajectory Node: [  0  91  12  29  93  89  43 122  68  18  70   0]
Car 28 Trajectory Node: [  0 134  63  88  30  44 100  49  48 104  61   0]
Car 1 Time: [   0.          437.9235093   456.89717526  558.73037221  645.61535365
  768.84278566  861.89116018  928.74173983 1064.11160354 1413.62698231
    0.            0.        ]
Car 2 Time: [  0.         176.13914954 198.61135459 273.04253086 410.04253086
 501.32779801 536.45613415 580.31955855 616.67887648 819.70104276
   0.           0.        ]
Car 3 Time: [   0.          374.54639232  518.96592009  555.84409791  582.3205025
  674.67850162  730.04094376  737.32105365  760.58046035  792.59608153
 1120.75610348    0.        ]
Car 4 Time: [  0.         370.15807434 375.15807434 428.6089864  452.77507835
 475.86187111 488.3918352  490.62790317 505.62790317 552.67043712
 924.05972075   0.        ]
Car 5 Time: [   0.          461.57664586  507.28222538  518.68397964  539.29950776
  549.92965358  579.34053592  600.88119514  613.53030579  625.57190036
 1046.58971471    0.        ]
Car 6 Time: [  0.         236.86494042 336.99485603 453.68675806 481.57940942
 531.22817577 600.25715519 661.84449156 687.39835623 933.52840316
   0.           0.        ]
Car 7 Time: [   0.          459.22761241  476.43226294  518.20546009  535.32270286
  555.44731466  587.58763202  682.41906141  818.37861422  887.50169285
 1407.50169285    0.        ]
Car 8 Time: [  0.         139.21566004 262.08957916 295.51112909 445.42443737
 454.64398183 472.44847565 549.68188811 569.53132135 733.42457929
   0.           0.        ]
Car 9 Time: [   0.          176.11927776  194.50405407  379.09278612  456.09927936
  712.84234158  784.4314469   878.68642024  946.9506129  1069.62497861
    0.            0.        ]
Car 10 Time: [   0.          469.75844857  564.67946837  605.47162448  657.48123897
  733.90113167  753.90113167  762.38641304  833.69559899  882.78734982
 1217.79331992    0.        ]
Car 11 Time: [   0.          239.00836805  400.61282344  421.49343646  424.65571412
  447.01639389  549.12418008  651.12908192  699.95530438  766.96276666
 1025.74839222    0.        ]
Car 12 Time: [   0.          563.51131311  589.51131311  605.54253265  634.19563021
  671.83869066  729.08377779  805.32681026  846.11896637 1439.81417436
    0.            0.        ]
Car 13 Time: [   0.          512.54365668  580.60980098  599.84518504  639.16439154
  697.1471476   702.1471476   721.25212077  772.99185406  787.30967512
 1317.40400635    0.        ]
Car 14 Time: [   0.          551.80521926  593.81712233  615.74883453  640.10042586
  716.58571856  730.03934261  787.97896635  832.3636484   874.24443158
  945.24443158 1484.70063926]
Car 15 Time: [   0.          627.27346509  640.27346509  676.39824882  707.20409242
  720.24249723  756.4778391   790.09331173  827.62996048  836.57423239
 1449.84171074    0.        ]
Car 16 Time: [   0.          628.68513582  640.85066088  678.33399051  712.34869321
  717.73385802  741.92063126  808.98776181  831.19136512  837.27412765
 1485.97205427    0.        ]
Car 17 Time: [   0.          724.10565527  755.49036493  837.49646226  887.17543165
  924.8184921   998.85902155 1075.70301936 1091.51440766 1824.06406468
    0.            0.        ]
Car 18 Time: [   0.          650.43985118  676.38209472  714.32942664  740.5019313
  750.69997033  786.47705797  804.47705797  842.52965315  922.5359029
 1621.32413978    0.        ]
Car 19 Time: [   0.          673.67722241  699.13306654  719.72432682  740.74812286
  815.0784666   847.28095097  856.71493211  891.82903184  902.87439285
 1580.71877028    0.        ]
Car 20 Time: [   0.          442.92211505  496.63431106  621.41010999  715.32496505
  824.10915508  927.69486838 1007.07370687 1089.29292603 1558.80863397
    0.            0.        ]
Car 21 Time: [   0.          744.47095309  785.58056268  826.58056268  862.70534641
  933.95841652  987.29695793 1011.33858849 1028.83144418 1069.9775254
 1840.38261365    0.        ]
Car 22 Time: [   0.          759.41556476  770.59590465  779.19822991  807.26956761
  840.07200654  857.33468305  872.09950611  884.26503117  988.66809626
 1715.72586562    0.        ]
Car 23 Time: [   0.          602.88058519  707.55627482  724.55627482  820.31117026
  850.46079712  892.4727002   935.01679497  962.90944633 1010.00509369
 1109.01014407 1597.96412963]
Car 24 Time: [   0.          763.0530781   819.69228714  832.34139778  863.74203471
  873.79191033  902.58427043  937.96788246  943.35304726  961.24159108
  981.36620288 1727.49889885]
Car 25 Time: [   0.          723.55303883  737.69517445  818.71986205  843.79973446
  910.20003566  970.20003566 1017.04018938 1087.75086749 1143.21256599
 1931.21510406    0.        ]
Car 26 Time: [   0.          774.82643218  875.90066232 1039.06928676 1119.87151445
 1227.0256091  1375.88796163 1414.72093731 1542.80294229 1575.60538122
 1591.16173041 2410.23926031]
Car 27 Time: [   0.          716.46702646  782.56543794  839.45128855  871.70031954
  936.10528829  980.48997034 1010.6395972  1096.97035649 1235.62460273
 1305.63174522 2018.40800745]
Car 28 Time: [   0.          679.67418665  710.73863579  758.9050141   792.9197168
  843.52604052  956.671964   1101.57538011 1256.3041751  1296.82577428
 1346.47454063 2037.62213702]
Car 1 Energy: [100. 100. 100. 100. 100. 100. 100. 100. 100. 100.   0.   0.]
Car 2 Energy: [100. 100. 100. 100. 100. 100. 100. 100. 100. 100.   0.   0.]
Car 3 Energy: [100. 100. 100. 100. 100. 100. 100. 100. 100. 100. 100.   0.]
Car 4 Energy: [100. 100. 100. 100. 100. 100. 100. 100. 100. 100. 100.   0.]
Car 5 Energy: [100. 100. 100. 100. 100. 100. 100. 100. 100. 100. 100.   0.]
Car 6 Energy: [100. 100. 100. 100. 100. 100. 100. 100. 100. 100.   0.   0.]
Car 7 Energy: [100. 100. 100. 100. 100. 100. 100. 100. 100. 100. 100.   0.]
Car 8 Energy: [100. 100. 100. 100. 100. 100. 100. 100. 100. 100.   0.   0.]
Car 9 Energy: [100. 100. 100. 100. 100. 100. 100. 100. 100. 100.   0.   0.]
Car 10 Energy: [100. 100. 100. 100. 100. 100. 100. 100. 100. 100. 100.   0.]
Car 11 Energy: [100. 100. 100. 100. 100. 100. 100. 100. 100. 100. 100.   0.]
Car 12 Energy: [100. 100. 100. 100. 100. 100. 100. 100. 100. 100.   0.   0.]
Car 13 Energy: [100. 100. 100. 100. 100. 100. 100. 100. 100. 100. 100.   0.]
Car 14 Energy: [100. 100. 100. 100. 100. 100. 100. 100. 100. 100. 100. 100.]
Car 15 Energy: [100. 100. 100. 100. 100. 100. 100. 100. 100. 100. 100.   0.]
Car 16 Energy: [100. 100. 100. 100. 100. 100. 100. 100. 100. 100. 100.   0.]
Car 17 Energy: [100. 100. 100. 100. 100. 100. 100. 100. 100. 100.   0.   0.]
Car 18 Energy: [100. 100. 100. 100. 100. 100. 100. 100. 100. 100. 100.   0.]
Car 19 Energy: [100. 100. 100. 100. 100. 100. 100. 100. 100. 100. 100.   0.]
Car 20 Energy: [100. 100. 100. 100. 100. 100. 100. 100. 100. 100.   0.   0.]
Car 21 Energy: [100. 100. 100. 100. 100. 100. 100. 100. 100. 100. 100.   0.]
Car 22 Energy: [100. 100. 100. 100. 100. 100. 100. 100. 100. 100. 100.   0.]
Car 23 Energy: [100. 100. 100. 100. 100. 100. 100. 100. 100. 100. 100. 100.]
Car 24 Energy: [100. 100. 100. 100. 100. 100. 100. 100. 100. 100. 100. 100.]
Car 25 Energy: [100. 100. 100. 100. 100. 100. 100. 100. 100. 100. 100.   0.]
Car 26 Energy: [100. 100. 100. 100. 100. 100. 100. 100. 100. 100. 100. 100.]
Car 27 Energy: [100. 100. 100. 100. 100. 100. 100. 100. 100. 100. 100. 100.]
Car 28 Energy: [100. 100. 100. 100. 100. 100. 100. 100. 100. 100. 100. 100.]
Car 1 Uncertain Time: [   0.          437.9235093   456.89717526  558.73037221  645.61535365
  768.84278566  861.89116018  928.74173983 1064.11160354 1413.62698231
    0.            0.        ]
Car 2 Uncertain Time: [  0.         176.13914954 198.61135459 273.04253086 410.04253086
 501.32779801 536.45613415 580.31955855 616.67887648 819.70104276
   0.           0.        ]
Car 3 Uncertain Time: [   0.          374.54639232  518.96592009  555.84409791  582.3205025
  674.67850162  730.04094376  737.32105365  760.58046035  792.59608153
 1120.75610348    0.        ]
Car 4 Uncertain Time: [  0.         370.15807434 375.15807434 428.6089864  452.77507835
 475.86187111 488.3918352  490.62790317 505.62790317 552.67043712
 924.05972075   0.        ]
Car 5 Uncertain Time: [   0.          461.57664586  507.28222538  518.68397964  539.29950776
  549.92965358  579.34053592  600.88119514  613.53030579  625.57190036
 1046.58971471    0.        ]
Car 6 Uncertain Time: [  0.         236.86494042 336.99485603 453.68675806 481.57940942
 531.22817577 600.25715519 661.84449156 687.39835623 933.52840316
   0.           0.        ]
Car 7 Uncertain Time: [   0.          459.22761241  476.43226294  518.20546009  535.32270286
  555.44731466  587.58763202  682.41906141  818.37861422  887.50169285
 1407.50169285    0.        ]
Car 8 Uncertain Time: [  0.         139.21566004 262.08957916 295.51112909 445.42443737
 454.64398183 472.44847565 549.68188811 569.53132135 733.42457929
   0.           0.        ]
Car 9 Uncertain Time: [   0.          176.11927776  194.50405407  379.09278612  456.09927936
  712.84234158  784.4314469   878.68642024  946.9506129  1069.62497861
    0.            0.        ]
Car 10 Uncertain Time: [   0.          469.75844857  564.67946837  605.47162448  657.48123897
  733.90113167  753.90113167  762.38641304  833.69559899  882.78734982
 1217.79331992    0.        ]
Car 11 Uncertain Time: [   0.          239.00836805  400.61282344  421.49343646  424.65571412
  447.01639389  549.12418008  651.12908192  699.95530438  766.96276666
 1025.74839222    0.        ]
Car 12 Uncertain Time: [   0.          563.51131311  589.51131311  605.54253265  634.19563021
  671.83869066  729.08377779  805.32681026  846.11896637 1439.81417436
    0.            0.        ]
Car 13 Uncertain Time: [   0.          512.54365668  580.60980098  599.84518504  639.16439154
  697.1471476   702.1471476   721.25212077  772.99185406  787.30967512
 1317.40400635    0.        ]
Car 14 Uncertain Time: [   0.          551.80521926  593.81712233  615.74883453  640.10042586
  716.58571856  730.03934261  787.97896635  832.3636484   874.24443158
  945.24443158 1484.70063926]
Car 15 Uncertain Time: [   0.          627.27346509  640.27346509  676.39824882  707.20409242
  720.24249723  756.4778391   790.09331173  827.62996048  836.57423239
 1449.84171074    0.        ]
Car 16 Uncertain Time: [   0.          628.68513582  640.85066088  678.33399051  712.34869321
  717.73385802  741.92063126  808.98776181  831.19136512  837.27412765
 1485.97205427    0.        ]
Car 17 Uncertain Time: [   0.          724.10565527  755.49036493  837.49646226  887.17543165
  924.8184921   998.85902155 1075.70301936 1091.51440766 1824.06406468
    0.            0.        ]
Car 18 Uncertain Time: [   0.          650.43985118  676.38209472  714.32942664  740.5019313
  750.69997033  786.47705797  804.47705797  842.52965315  922.5359029
 1621.32413978    0.        ]
Car 19 Uncertain Time: [   0.          673.67722241  699.13306654  719.72432682  740.74812286
  815.0784666   847.28095097  856.71493211  891.82903184  902.87439285
 1580.71877028    0.        ]
Car 20 Uncertain Time: [   0.          442.92211505  496.63431106  621.41010999  715.32496505
  824.10915508  927.69486838 1007.07370687 1089.29292603 1558.80863397
    0.            0.        ]
Car 21 Uncertain Time: [   0.          744.47095309  785.58056268  826.58056268  862.70534641
  933.95841652  987.29695793 1011.33858849 1028.83144418 1069.9775254
 1840.38261365    0.        ]
Car 22 Uncertain Time: [   0.          759.41556476  770.59590465  779.19822991  807.26956761
  840.07200654  857.33468305  872.09950611  884.26503117  988.66809626
 1715.72586562    0.        ]
Car 23 Uncertain Time: [   0.          602.88058519  707.55627482  724.55627482  820.31117026
  850.46079712  892.4727002   935.01679497  962.90944633 1010.00509369
 1109.01014407 1597.96412963]
Car 24 Uncertain Time: [   0.          763.0530781   819.69228714  832.34139778  863.74203471
  873.79191033  902.58427043  937.96788246  943.35304726  961.24159108
  981.36620288 1727.49889885]
Car 25 Uncertain Time: [   0.          723.55303883  737.69517445  818.71986205  843.79973446
  910.20003566  970.20003566 1017.04018938 1087.75086749 1143.21256599
 1931.21510406    0.        ]
Car 26 Uncertain Time: [   0.          774.82643218  875.90066232 1039.06928676 1119.87151445
 1227.0256091  1375.88796163 1414.72093731 1542.80294229 1575.60538122
 1591.16173041 2410.23926031]
Car 27 Uncertain Time: [   0.          716.46702646  782.56543794  839.45128855  871.70031954
  936.10528829  980.48997034 1010.6395972  1096.97035649 1235.62460273
 1305.63174522 2018.40800745]
Car 28 Uncertain Time: [   0.          679.67418665  710.73863579  758.9050141   792.9197168
  843.52604052  956.671964   1101.57538011 1256.3041751  1296.82577428
 1346.47454063 2037.62213702]
Car 1 UncertainEnergy: [100. 100. 100. 100. 100. 100. 100. 100. 100. 100.   0.   0.]
Car 2 UncertainEnergy: [100. 100. 100. 100. 100. 100. 100. 100. 100. 100.   0.   0.]
Car 3 UncertainEnergy: [100. 100. 100. 100. 100. 100. 100. 100. 100. 100. 100.   0.]
Car 4 UncertainEnergy: [100. 100. 100. 100. 100. 100. 100. 100. 100. 100. 100.   0.]
Car 5 UncertainEnergy: [100. 100. 100. 100. 100. 100. 100. 100. 100. 100. 100.   0.]
Car 6 UncertainEnergy: [100. 100. 100. 100. 100. 100. 100. 100. 100. 100.   0.   0.]
Car 7 UncertainEnergy: [100. 100. 100. 100. 100. 100. 100. 100. 100. 100. 100.   0.]
Car 8 UncertainEnergy: [100. 100. 100. 100. 100. 100. 100. 100. 100. 100.   0.   0.]
Car 9 UncertainEnergy: [100. 100. 100. 100. 100. 100. 100. 100. 100. 100.   0.   0.]
Car 10 UncertainEnergy: [100. 100. 100. 100. 100. 100. 100. 100. 100. 100. 100.   0.]
Car 11 UncertainEnergy: [100. 100. 100. 100. 100. 100. 100. 100. 100. 100. 100.   0.]
Car 12 UncertainEnergy: [100. 100. 100. 100. 100. 100. 100. 100. 100. 100.   0.   0.]
Car 13 UncertainEnergy: [100. 100. 100. 100. 100. 100. 100. 100. 100. 100. 100.   0.]
Car 14 UncertainEnergy: [100. 100. 100. 100. 100. 100. 100. 100. 100. 100. 100. 100.]
Car 15 UncertainEnergy: [100. 100. 100. 100. 100. 100. 100. 100. 100. 100. 100.   0.]
Car 16 UncertainEnergy: [100. 100. 100. 100. 100. 100. 100. 100. 100. 100. 100.   0.]
Car 17 UncertainEnergy: [100. 100. 100. 100. 100. 100. 100. 100. 100. 100.   0.   0.]
Car 18 UncertainEnergy: [100. 100. 100. 100. 100. 100. 100. 100. 100. 100. 100.   0.]
Car 19 UncertainEnergy: [100. 100. 100. 100. 100. 100. 100. 100. 100. 100. 100.   0.]
Car 20 UncertainEnergy: [100. 100. 100. 100. 100. 100. 100. 100. 100. 100.   0.   0.]
Car 21 UncertainEnergy: [100. 100. 100. 100. 100. 100. 100. 100. 100. 100. 100.   0.]
Car 22 UncertainEnergy: [100. 100. 100. 100. 100. 100. 100. 100. 100. 100. 100.   0.]
Car 23 UncertainEnergy: [100. 100. 100. 100. 100. 100. 100. 100. 100. 100. 100. 100.]
Car 24 UncertainEnergy: [100. 100. 100. 100. 100. 100. 100. 100. 100. 100. 100. 100.]
Car 25 UncertainEnergy: [100. 100. 100. 100. 100. 100. 100. 100. 100. 100. 100.   0.]
Car 26 UncertainEnergy: [100. 100. 100. 100. 100. 100. 100. 100. 100. 100. 100. 100.]
Car 27 UncertainEnergy: [100. 100. 100. 100. 100. 100. 100. 100. 100. 100. 100. 100.]
Car 28 UncertainEnergy: [100. 100. 100. 100. 100. 100. 100. 100. 100. 100. 100. 100.]
