Solver Type: Recursive
N: 251
Cars: 28
Clustering Method: Greedy_Method
Recharge Model: ConstantRate
Cost: 40754.05914035596
Charging Stations: []
Car 1 Trajectory Node: [  0  41  27  33  57  50 125  54  75   0   0   0]
Car 2 Trajectory Node: [  0  80 119 101  47   1   6  83   5   0   0   0]
Car 3 Trajectory Node: [  0  65  92 250  60  10  16 199  36 186   0   0]
Car 4 Trajectory Node: [  0 139 226 155 213 231 170 224 208 212   0   0]
Car 5 Trajectory Node: [  0 126 162 241 225  46 242 249 151 163   0   0]
Car 6 Trajectory Node: [  0 132 174 233 196 185  19 142   2   0   0   0]
Car 7 Trajectory Node: [  0 197  24  77 194 193 216 180 129 120   0   0]
Car 8 Trajectory Node: [  0  95 106  58   7  85  78  98  38   0   0   0]
Car 9 Trajectory Node: [  0  90 107 121  97  31  55  79  37   0   0   0]
Car 10 Trajectory Node: [  0 103  40  42 102 157 187 184 243 144   0   0]
Car 11 Trajectory Node: [  0 112  20 229   4  81 116 118  25  15   0   0]
Car 12 Trajectory Node: [  0 207 152 228  82 240 192 168 178   0   0   0]
Car 13 Trajectory Node: [  0 137  66  17 215 108  39 206 158  71   0   0]
Car 14 Trajectory Node: [  0 238  45 236  22 239 143 149  26 169 245   0]
Car 15 Trajectory Node: [  0 214 235 161 173 160 248  62 191 183   0   0]
Car 16 Trajectory Node: [  0 237 127 150 154 247 209 230 203 133   0   0]
Car 17 Trajectory Node: [  0  59  52  56  74  32 188  13  72   0   0   0]
Car 18 Trajectory Node: [  0 220 195 198 244 205 138 222 190  64   0   0]
Car 19 Trajectory Node: [  0 189 177 181  28 172 167 135 141  67   0   0]
Car 20 Trajectory Node: [  0 111  53  35  69  14  87  73  11   0   0   0]
Car 21 Trajectory Node: [  0 211 201 156  94 221   8 202 165 175   0   0]
Car 22 Trajectory Node: [  0 246 140 159 219 176 227 147 200 179   0   0]
Car 23 Trajectory Node: [  0  96   9  86 136 130 113 110   3  21  23   0]
Car 24 Trajectory Node: [  0 182 145 210 218 171 223 131 128 234 148   0]
Car 25 Trajectory Node: [  0 166  76 217 117 204 114 164 153 146   0   0]
Car 26 Trajectory Node: [  0 232 115 105  99 109 123  51  34 124  84   0]
Car 27 Trajectory Node: [  0  91  12  29  93  89  43 122  68  18  70   0]
Car 28 Trajectory Node: [  0 134  63  88  30  44 100  49  48 104  61   0]
Car 1 Time: [   0.          349.51537877  484.88524248  551.73582213  644.78419665
  768.01162866  854.8966101   956.72980705  975.70347301 1413.62698231
    0.            0.        ]
Car 2 Time: [  0.         176.13914954 198.61135459 273.04253086 410.04253086
 501.32779801 536.45613415 580.31955855 616.67887648 819.70104276
   0.           0.        ]
Car 3 Time: [   0.          374.54639232  518.96592009  555.84409791  582.3205025
  674.67850162  730.04094376  737.32105365  760.58046035  792.59608153
 1120.75610348    0.        ]
Car 4 Time: [  0.         370.15807434 375.15807434 428.6089864  452.77507835
 475.86187111 488.3918352  490.62790317 505.62790317 552.67043712
 924.05972075   0.        ]
Car 5 Time: [   0.          421.01781435  433.05940893  445.70851957  467.2491788
  496.66006114  507.29020695  527.90573508  539.30748933  585.01306886
 1046.58971471    0.        ]
Car 6 Time: [  0.         246.13004693 271.6839116  333.27124797 402.30022739
 451.94899374 479.8416451  596.53354713 696.66346274 933.52840316
   0.           0.        ]
Car 7 Time: [   0.          459.22761241  476.43226294  518.20546009  535.32270286
  555.44731466  587.58763202  682.41906141  818.37861422  887.50169285
 1407.50169285    0.        ]
Car 8 Time: [  0.         139.21566004 262.08957916 295.51112909 445.42443737
 454.64398183 472.44847565 549.68188811 569.53132135 733.42457929
   0.           0.        ]
Car 9 Time: [   0.          122.6743657   190.93855836  285.19353171  356.78263702
  613.52569925  690.53219248  875.12092453  893.50570084 1069.62497861
    0.            0.        ]
Car 10 Time: [   0.          335.0059701   384.09772093  455.40690687  463.89218825
  483.89218825  560.31208095  612.32169544  653.11385155  748.03487135
 1217.79331992    0.        ]
Car 11 Time: [   0.          239.00836805  400.61282344  421.49343646  424.65571412
  447.01639389  549.12418008  651.12908192  699.95530438  766.96276666
 1025.74839222    0.        ]
Car 12 Time: [   0.          563.51131311  589.51131311  605.54253265  634.19563021
  671.83869066  729.08377779  805.32681026  846.11896637 1439.81417436
    0.            0.        ]
Car 13 Time: [   0.          530.09433123  544.41215229  596.15188557  615.25685875
  620.25685875  678.2396148   717.55882131  736.79420537  804.86034967
 1317.40400635    0.        ]
Car 14 Time: [   0.          551.80521926  593.81712233  615.74883453  640.10042586
  716.58571856  730.03934261  787.97896635  832.3636484   874.24443158
  945.24443158 1484.70063926]
Car 15 Time: [   0.          613.26747835  622.21175026  659.74839902  693.36387164
  729.59921351  742.63761832  773.44346192  809.56824566  822.56824566
 1449.84171074    0.        ]
Car 16 Time: [   0.          648.69792662  654.78068915  676.98429246  744.05142301
  768.23819625  773.62336106  807.63806376  845.12139339  857.28691845
 1485.97205427    0.        ]
Car 17 Time: [   0.          724.10565527  755.49036493  837.49646226  887.17543165
  924.8184921   998.85902155 1075.70301936 1091.51440766 1824.06406468
    0.            0.        ]
Car 18 Time: [   0.          650.43985118  676.38209472  714.32942664  740.5019313
  750.69997033  786.47705797  804.47705797  842.52965315  922.5359029
 1621.32413978    0.        ]
Car 19 Time: [   0.          677.84437742  688.88973844  724.00383817  733.4378193
  765.64030368  839.97064741  860.99444346  881.58570374  907.04154786
 1580.71877028    0.        ]
Car 20 Time: [   0.          442.92211505  496.63431106  621.41010999  715.32496505
  824.10915508  927.69486838 1007.07370687 1089.29292603 1558.80863397
    0.            0.        ]
Car 21 Time: [   0.          770.40508825  811.55116947  829.04402516  853.08565572
  906.42419713  977.67726724 1013.80205097 1054.80205097 1095.91166056
 1840.38261365    0.        ]
Car 22 Time: [   0.          759.41556476  770.59590465  779.19822991  807.26956761
  840.07200654  857.33468305  872.09950611  884.26503117  988.66809626
 1715.72586562    0.        ]
Car 23 Time: [   0.          488.95398557  587.95903594  635.0546833   662.94733466
  705.49142943  747.50333251  777.65295937  873.40785481  890.40785481
  995.08354444 1597.96412963]
Car 24 Time: [   0.          763.0530781   819.69228714  832.34139778  863.74203471
  873.79191033  902.58427043  937.96788246  943.35304726  961.24159108
  981.36620288 1727.49889885]
Car 25 Time: [   0.          723.55303883  737.69517445  818.71986205  843.79973446
  910.20003566  970.20003566 1017.04018938 1087.75086749 1143.21256599
 1931.21510406    0.        ]
Car 26 Time: [   0.          819.07752991  834.63387909  867.43631803  995.51832301
 1034.35129869 1183.21365121 1290.36774586 1371.16997356 1534.33859799
 1635.41282814 2410.23926031]
Car 27 Time: [   0.          716.46702646  782.56543794  839.45128855  871.70031954
  936.10528829  980.48997034 1010.6395972  1096.97035649 1235.62460273
 1305.63174522 2018.40800745]
Car 28 Time: [   0.          679.67418665  710.73863579  758.9050141   792.9197168
  843.52604052  956.671964   1101.57538011 1256.3041751  1296.82577428
 1346.47454063 2037.62213702]
Car 1 Energy: [100. 100. 100. 100. 100. 100. 100. 100. 100. 100.   0.   0.]
Car 2 Energy: [100. 100. 100. 100. 100. 100. 100. 100. 100. 100.   0.   0.]
Car 3 Energy: [100. 100. 100. 100. 100. 100. 100. 100. 100. 100. 100.   0.]
Car 4 Energy: [100. 100. 100. 100. 100. 100. 100. 100. 100. 100. 100.   0.]
Car 5 Energy: [100. 100. 100. 100. 100. 100. 100. 100. 100. 100. 100.   0.]
Car 6 Energy: [100. 100. 100. 100. 100. 100. 100. 100. 100. 100.   0.   0.]
Car 7 Energy: [100. 100. 100. 100. 100. 100. 100. 100. 100. 100. 100.   0.]
Car 8 Energy: [100. 100. 100. 100. 100. 100. 100. 100. 100. 100.   0.   0.]
Car 9 Energy: [100. 100. 100. 100. 100. 100. 100. 100. 100. 100.   0.   0.]
Car 10 Energy: [100. 100. 100. 100. 100. 100. 100. 100. 100. 100. 100.   0.]
Car 11 Energy: [100. 100. 100. 100. 100. 100. 100. 100. 100. 100. 100.   0.]
Car 12 Energy: [100. 100. 100. 100. 100. 100. 100. 100. 100. 100.   0.   0.]
Car 13 Energy: [100. 100. 100. 100. 100. 100. 100. 100. 100. 100. 100.   0.]
Car 14 Energy: [100. 100. 100. 100. 100. 100. 100. 100. 100. 100. 100. 100.]
Car 15 Energy: [100. 100. 100. 100. 100. 100. 100. 100. 100. 100. 100.   0.]
Car 16 Energy: [100. 100. 100. 100. 100. 100. 100. 100. 100. 100. 100.   0.]
Car 17 Energy: [100. 100. 100. 100. 100. 100. 100. 100. 100. 100.   0.   0.]
Car 18 Energy: [100. 100. 100. 100. 100. 100. 100. 100. 100. 100. 100.   0.]
Car 19 Energy: [100. 100. 100. 100. 100. 100. 100. 100. 100. 100. 100.   0.]
Car 20 Energy: [100. 100. 100. 100. 100. 100. 100. 100. 100. 100.   0.   0.]
Car 21 Energy: [100. 100. 100. 100. 100. 100. 100. 100. 100. 100. 100.   0.]
Car 22 Energy: [100. 100. 100. 100. 100. 100. 100. 100. 100. 100. 100.   0.]
Car 23 Energy: [100. 100. 100. 100. 100. 100. 100. 100. 100. 100. 100. 100.]
Car 24 Energy: [100. 100. 100. 100. 100. 100. 100. 100. 100. 100. 100. 100.]
Car 25 Energy: [100. 100. 100. 100. 100. 100. 100. 100. 100. 100. 100.   0.]
Car 26 Energy: [100. 100. 100. 100. 100. 100. 100. 100. 100. 100. 100. 100.]
Car 27 Energy: [100. 100. 100. 100. 100. 100. 100. 100. 100. 100. 100. 100.]
Car 28 Energy: [100. 100. 100. 100. 100. 100. 100. 100. 100. 100. 100. 100.]
Car 1 Uncertain Time: [   0.          349.51537877  484.88524248  551.73582213  644.78419665
  768.01162866  854.8966101   956.72980705  975.70347301 1413.62698231
    0.            0.        ]
Car 2 Uncertain Time: [  0.         176.13914954 198.61135459 273.04253086 410.04253086
 501.32779801 536.45613415 580.31955855 616.67887648 819.70104276
   0.           0.        ]
Car 3 Uncertain Time: [   0.          374.54639232  518.96592009  555.84409791  582.3205025
  674.67850162  730.04094376  737.32105365  760.58046035  792.59608153
 1120.75610348    0.        ]
Car 4 Uncertain Time: [  0.         370.15807434 375.15807434 428.6089864  452.77507835
 475.86187111 488.3918352  490.62790317 505.62790317 552.67043712
 924.05972075   0.        ]
Car 5 Uncertain Time: [   0.          421.01781435  433.05940893  445.70851957  467.2491788
  496.66006114  507.29020695  527.90573508  539.30748933  585.01306886
 1046.58971471    0.        ]
Car 6 Uncertain Time: [  0.         246.13004693 271.6839116  333.27124797 402.30022739
 451.94899374 479.8416451  596.53354713 696.66346274 933.52840316
   0.           0.        ]
Car 7 Uncertain Time: [   0.          459.22761241  476.43226294  518.20546009  535.32270286
  555.44731466  587.58763202  682.41906141  818.37861422  887.50169285
 1407.50169285    0.        ]
Car 8 Uncertain Time: [  0.         139.21566004 262.08957916 295.51112909 445.42443737
 454.64398183 472.44847565 549.68188811 569.53132135 733.42457929
   0.           0.        ]
Car 9 Uncertain Time: [   0.          122.6743657   190.93855836  285.19353171  356.78263702
  613.52569925  690.53219248  875.12092453  893.50570084 1069.62497861
    0.            0.        ]
Car 10 Uncertain Time: [   0.          335.0059701   384.09772093  455.40690687  463.89218825
  483.89218825  560.31208095  612.32169544  653.11385155  748.03487135
 1217.79331992    0.        ]
Car 11 Uncertain Time: [   0.          239.00836805  400.61282344  421.49343646  424.65571412
  447.01639389  549.12418008  651.12908192  699.95530438  766.96276666
 1025.74839222    0.        ]
Car 12 Uncertain Time: [   0.          563.51131311  589.51131311  605.54253265  634.19563021
  671.83869066  729.08377779  805.32681026  846.11896637 1439.81417436
    0.            0.        ]
Car 13 Uncertain Time: [   0.          530.09433123  544.41215229  596.15188557  615.25685875
  620.25685875  678.2396148   717.55882131  736.79420537  804.86034967
 1317.40400635    0.        ]
Car 14 Uncertain Time: [   0.          551.80521926  593.81712233  615.74883453  640.10042586
  716.58571856  730.03934261  787.97896635  832.3636484   874.24443158
  945.24443158 1484.70063926]
Car 15 Uncertain Time: [   0.          613.26747835  622.21175026  659.74839902  693.36387164
  729.59921351  742.63761832  773.44346192  809.56824566  822.56824566
 1449.84171074    0.        ]
Car 16 Uncertain Time: [   0.          648.69792662  654.78068915  676.98429246  744.05142301
  768.23819625  773.62336106  807.63806376  845.12139339  857.28691845
 1485.97205427    0.        ]
Car 17 Uncertain Time: [   0.          724.10565527  755.49036493  837.49646226  887.17543165
  924.8184921   998.85902155 1075.70301936 1091.51440766 1824.06406468
    0.            0.        ]
Car 18 Uncertain Time: [   0.          650.43985118  676.38209472  714.32942664  740.5019313
  750.69997033  786.47705797  804.47705797  842.52965315  922.5359029
 1621.32413978    0.        ]
Car 19 Uncertain Time: [   0.          677.84437742  688.88973844  724.00383817  733.4378193
  765.64030368  839.97064741  860.99444346  881.58570374  907.04154786
 1580.71877028    0.        ]
Car 20 Uncertain Time: [   0.          442.92211505  496.63431106  621.41010999  715.32496505
  824.10915508  927.69486838 1007.07370687 1089.29292603 1558.80863397
    0.            0.        ]
Car 21 Uncertain Time: [   0.          770.40508825  811.55116947  829.04402516  853.08565572
  906.42419713  977.67726724 1013.80205097 1054.80205097 1095.91166056
 1840.38261365    0.        ]
Car 22 Uncertain Time: [   0.          759.41556476  770.59590465  779.19822991  807.26956761
  840.07200654  857.33468305  872.09950611  884.26503117  988.66809626
 1715.72586562    0.        ]
Car 23 Uncertain Time: [   0.          488.95398557  587.95903594  635.0546833   662.94733466
  705.49142943  747.50333251  777.65295937  873.40785481  890.40785481
  995.08354444 1597.96412963]
Car 24 Uncertain Time: [   0.          763.0530781   819.69228714  832.34139778  863.74203471
  873.79191033  902.58427043  937.96788246  943.35304726  961.24159108
  981.36620288 1727.49889885]
Car 25 Uncertain Time: [   0.          723.55303883  737.69517445  818.71986205  843.79973446
  910.20003566  970.20003566 1017.04018938 1087.75086749 1143.21256599
 1931.21510406    0.        ]
Car 26 Uncertain Time: [   0.          819.07752991  834.63387909  867.43631803  995.51832301
 1034.35129869 1183.21365121 1290.36774586 1371.16997356 1534.33859799
 1635.41282814 2410.23926031]
Car 27 Uncertain Time: [   0.          716.46702646  782.56543794  839.45128855  871.70031954
  936.10528829  980.48997034 1010.6395972  1096.97035649 1235.62460273
 1305.63174522 2018.40800745]
Car 28 Uncertain Time: [   0.          679.67418665  710.73863579  758.9050141   792.9197168
  843.52604052  956.671964   1101.57538011 1256.3041751  1296.82577428
 1346.47454063 2037.62213702]
Car 1 UncertainEnergy: [100. 100. 100. 100. 100. 100. 100. 100. 100. 100.   0.   0.]
Car 2 UncertainEnergy: [100. 100. 100. 100. 100. 100. 100. 100. 100. 100.   0.   0.]
Car 3 UncertainEnergy: [100. 100. 100. 100. 100. 100. 100. 100. 100. 100. 100.   0.]
Car 4 UncertainEnergy: [100. 100. 100. 100. 100. 100. 100. 100. 100. 100. 100.   0.]
Car 5 UncertainEnergy: [100. 100. 100. 100. 100. 100. 100. 100. 100. 100. 100.   0.]
Car 6 UncertainEnergy: [100. 100. 100. 100. 100. 100. 100. 100. 100. 100.   0.   0.]
Car 7 UncertainEnergy: [100. 100. 100. 100. 100. 100. 100. 100. 100. 100. 100.   0.]
Car 8 UncertainEnergy: [100. 100. 100. 100. 100. 100. 100. 100. 100. 100.   0.   0.]
Car 9 UncertainEnergy: [100. 100. 100. 100. 100. 100. 100. 100. 100. 100.   0.   0.]
Car 10 UncertainEnergy: [100. 100. 100. 100. 100. 100. 100. 100. 100. 100. 100.   0.]
Car 11 UncertainEnergy: [100. 100. 100. 100. 100. 100. 100. 100. 100. 100. 100.   0.]
Car 12 UncertainEnergy: [100. 100. 100. 100. 100. 100. 100. 100. 100. 100.   0.   0.]
Car 13 UncertainEnergy: [100. 100. 100. 100. 100. 100. 100. 100. 100. 100. 100.   0.]
Car 14 UncertainEnergy: [100. 100. 100. 100. 100. 100. 100. 100. 100. 100. 100. 100.]
Car 15 UncertainEnergy: [100. 100. 100. 100. 100. 100. 100. 100. 100. 100. 100.   0.]
Car 16 UncertainEnergy: [100. 100. 100. 100. 100. 100. 100. 100. 100. 100. 100.   0.]
Car 17 UncertainEnergy: [100. 100. 100. 100. 100. 100. 100. 100. 100. 100.   0.   0.]
Car 18 UncertainEnergy: [100. 100. 100. 100. 100. 100. 100. 100. 100. 100. 100.   0.]
Car 19 UncertainEnergy: [100. 100. 100. 100. 100. 100. 100. 100. 100. 100. 100.   0.]
Car 20 UncertainEnergy: [100. 100. 100. 100. 100. 100. 100. 100. 100. 100.   0.   0.]
Car 21 UncertainEnergy: [100. 100. 100. 100. 100. 100. 100. 100. 100. 100. 100.   0.]
Car 22 UncertainEnergy: [100. 100. 100. 100. 100. 100. 100. 100. 100. 100. 100.   0.]
Car 23 UncertainEnergy: [100. 100. 100. 100. 100. 100. 100. 100. 100. 100. 100. 100.]
Car 24 UncertainEnergy: [100. 100. 100. 100. 100. 100. 100. 100. 100. 100. 100. 100.]
Car 25 UncertainEnergy: [100. 100. 100. 100. 100. 100. 100. 100. 100. 100. 100.   0.]
Car 26 UncertainEnergy: [100. 100. 100. 100. 100. 100. 100. 100. 100. 100. 100. 100.]
Car 27 UncertainEnergy: [100. 100. 100. 100. 100. 100. 100. 100. 100. 100. 100. 100.]
Car 28 UncertainEnergy: [100. 100. 100. 100. 100. 100. 100. 100. 100. 100. 100. 100.]
