Solver Type: Recursive
Solving Time: 51.60376070999996
N: 251
Cars: 28
Clustering Method: Max_Eigenvalue
Recharge Model: ConstantRate
Cost: 42332.18583006565
Solution Gap: 9.430735782405266
Charging Stations: []
Car 1 Trajectory Node: [  0 195  62  67 189 141 181 135 167 209   0   0]
Car 2 Trajectory Node: [  0  56  99 109 123  51  34 124 105   0   0   0]
Car 3 Trajectory Node: [  0  40 102  42 187 207 137  66  71 116   0   0]
Car 4 Trajectory Node: [  0 199  16  10 163  77  60 250  92  65   0   0]
Car 5 Trajectory Node: [  0  75  54 125 169  57  33  50  27  41   0   0]
Car 6 Trajectory Node: [  0  11  23 130  64 136   9  87  96   0   0   0]
Car 7 Trajectory Node: [  0 142 132 174   6 139 226  36 186  83   0   0]
Car 8 Trajectory Node: [  0  28 190 210 145 165 202 219 176 147   0   0]
Car 9 Trajectory Node: [  0  78  85   7 106  95  90 112 121 107   0   0]
Car 10 Trajectory Node: [  0  86 113 110 179   3  21  14  69  35   0   0]
Car 11 Trajectory Node: [  0  45 236  22 168 239 143  72 149  26   0   0]
Car 12 Trajectory Node: [  0 191 220 248 160 161 150 127 237 203 133   0]
Car 13 Trajectory Node: [  0 138 234 246 140 128 131 223 227 200   0   0]
Car 14 Trajectory Node: [  0 119 101  15 103  25 118  20  37  79   0   0]
Car 15 Trajectory Node: [  0 192 166  76 154 247 173 230   0   0   0   0]
Car 16 Trajectory Node: [  0 170 224 231 162 225  46 242 194 197 155   0]
Car 17 Trajectory Node: [  0  55  31  73  53 111  81   4 229   0   0   0]
Car 18 Trajectory Node: [  0 134  63  88  30  44 100  49  48 104  61   0]
Car 19 Trajectory Node: [  0 201 156 117   8 171 218 159 172 175   0   0]
Car 20 Trajectory Node: [ 0 97 80 47  1  5 38 98  2 58  0  0]
Car 21 Trajectory Node: [  0 206  39 244 205 148 222 177 198 158   0   0]
Car 22 Trajectory Node: [  0 241 249 151 193 216 180 120 129  24   0   0]
Car 23 Trajectory Node: [  0  59  52  32  74 115 232 188  84  13   0   0]
Car 24 Trajectory Node: [  0 157 184 152  82 243 238 245 144   0   0   0]
Car 25 Trajectory Node: [  0 108 215  17 183 214 235 240 178 228   0   0]
Car 26 Trajectory Node: [  0  19 185 196 208 126 213 212 233   0   0   0]
Car 27 Trajectory Node: [  0  91  12  29  93  89  43 122  68  18  70   0]
Car 28 Trajectory Node: [  0 182 211 217  94 221 204 114 164 153 146   0]
Car 1 Time: [   0.          661.79830764  674.00486326  687.1578097   696.10208161
  720.26817355  756.00331032  793.64637077  814.67016682  853.78538125
 1551.34469772    0.        ]
Car 2 Time: [   0.          816.11580061  895.12212947  933.95510515 1082.81745767
 1189.97155232 1270.77378001 1433.94240445 1517.42893031 2370.80926755
    0.            0.        ]
Car 3 Time: [   0.          382.65519727  450.07181244  458.55709381  536.37739964
  579.65556966  627.03700062  641.35482169  669.78016249  783.797705
 1216.7422742     0.        ]
Car 4 Time: [   0.          371.73243065  379.01254054  434.37498269  492.42668378
  535.06469499  665.60970639  692.08611098  728.9642888   873.38381657
 1247.93020889    0.        ]
Car 5 Time: [   0.          437.9235093   456.89717526  558.73037221  629.30657216
  843.85959591  936.90797043  980.50842914 1050.47985188 1185.84971559
 1535.36509436    0.        ]
Car 6 Time: [   0.          469.51570794  611.74088152  780.24310702  829.89187337
  918.35090344  968.35090344 1029.55547843 1094.33201739 1583.28600296
    0.            0.        ]
Car 7 Time: [   0.          317.72472362  476.96353798  502.51740266  550.77711671
  642.80428661  647.80428661  679.42706321  711.4426844   802.99048612
 1041.52769496    0.        ]
Car 8 Time: [   0.          724.17470268  760.57525213  795.93059118  808.57970183
  823.44577057  864.44577057  911.82720153  944.62964047  970.62964047
 1713.00757656    0.        ]
Car 9 Time: [   0.          134.95184326  152.75633708  161.97588153  311.76573433
  434.63965345  678.03234027  801.13392434  829.31192995  923.56690329
 1090.30322207    0.        ]
Car 10 Time: [   0.          595.61732681  666.39161593  696.54124279  748.89580324
  861.05640239  878.05640239  991.06082708 1099.84501711 1193.75987216
 1774.16662609    0.        ]
Car 11 Time: [   0.          592.54704455  614.47875675  638.83034807  646.44612117
  715.49682718  728.95045123  786.22173548  865.14574957  909.53043161
 1550.96164383    0.        ]
Car 12 Time: [   0.          635.31488256  655.33986695  673.6974267   686.73583151
  703.73583151  745.17253022  767.37613354  773.45889607  793.45889607
  805.62442113 1434.30955695]
Car 13 Time: [   0.          696.28729703  757.12314172  760.12314172  771.30348161
  784.64514567  790.03031048  825.41392251  903.57401463  929.06911219
 1661.66518098    0.        ]
Car 14 Time: [   0.          191.19100397  265.62218024  343.724677    433.46318601
  488.933899    537.76012147  653.28068241  809.59127066  827.97604697
 1001.34271043    0.        ]
Car 15 Time: [   0.          662.60470871  724.00503444  738.14717006  764.45306294
  788.63983618  808.28671889  828.68279694 1501.29115252    0.
    0.            0.        ]
Car 16 Time: [   0.          398.41812208  400.65419006  413.46043853  439.93684312
  474.1128581   503.52374044  514.15388625  593.15388625  658.95662176
  731.04684301 1142.78098053]
Car 17 Time: [   0.          346.30189142  423.30838465  589.26018488  724.26388854
  777.97608454  945.13170066  967.49238044  970.6546581  1323.86422762
    0.            0.        ]
Car 18 Time: [   0.          679.67418665  710.73863579  758.9050141   792.9197168
  843.52604052  956.671964   1101.57538011 1256.3041751  1296.82577428
 1346.47454063 2037.62213702]
Car 19 Time: [   0.          779.10782309  796.60067877  835.71589321  941.78191038
  967.85872     977.90859563 1017.92109367 1069.54473167 1091.47644387
 1835.94739696    0.        ]
Car 20 Time: [   0.          221.27358631  448.34405996  517.77027979  609.05554694
  669.22198277  776.05362602  795.90305926  864.7216614  1088.31280613
 1364.16784052    0.        ]
Car 21 Time: [   0.          585.6995817   625.0187882   667.56288297  677.760922
  763.18925454  803.90780068  838.44763276  883.36978765  960.60320011
 1536.15337168    0.        ]
Car 22 Time: [   0.          432.68117593  473.72992743  485.13168168  555.13882417
  587.27914153  682.11057092  847.81210984  916.93518848  965.63837112
 1441.58164505    0.        ]
Car 23 Time: [   0.          724.10565527  755.49036493  784.6451244   822.28818485
  853.54518407  869.10153325  933.13277563  970.01095346 1051.89501784
 1790.61350279    0.        ]
Car 24 Time: [   0.          458.22483564  524.08073895  565.19034853  608.20197486
  644.25748762  686.68389449  718.46439165  789.14677984 1258.90522841
    0.            0.        ]
Car 25 Time: [   0.          595.7986237   600.7986237   619.90359687  664.82575176
  701.06109363  710.00536554  756.40579657  787.45414596  852.60013586
 1415.85673813    0.        ]
Car 26 Time: [  0.         290.03792855 317.93057992 367.57934627 432.69462865
 473.00591739 501.23710582 529.68003112 594.45657009 907.91789147
   0.           0.        ]
Car 27 Time: [   0.          716.46702646  782.56543794  839.45128855  871.70031954
  936.10528829  980.48997034 1010.6395972  1096.97035649 1235.62460273
 1305.63174522 2018.40800745]
Car 28 Time: [   0.          763.0530781   776.98146638  837.01479046  847.83144428
  901.1699857   963.29888396 1023.29888396 1070.13903768 1140.8497158
 1196.31141429 1984.31395236]
Car 1 Energy: [100. 100. 100. 100. 100. 100. 100. 100. 100. 100. 100.   0.]
Car 2 Energy: [100. 100. 100. 100. 100. 100. 100. 100. 100. 100.   0.   0.]
Car 3 Energy: [100. 100. 100. 100. 100. 100. 100. 100. 100. 100. 100.   0.]
Car 4 Energy: [100. 100. 100. 100. 100. 100. 100. 100. 100. 100. 100.   0.]
Car 5 Energy: [100. 100. 100. 100. 100. 100. 100. 100. 100. 100. 100.   0.]
Car 6 Energy: [100. 100. 100. 100. 100. 100. 100. 100. 100. 100.   0.   0.]
Car 7 Energy: [100. 100. 100. 100. 100. 100. 100. 100. 100. 100. 100.   0.]
Car 8 Energy: [100. 100. 100. 100. 100. 100. 100. 100. 100. 100. 100.   0.]
Car 9 Energy: [100. 100. 100. 100. 100. 100. 100. 100. 100. 100. 100.   0.]
Car 10 Energy: [100. 100. 100. 100. 100. 100. 100. 100. 100. 100. 100.   0.]
Car 11 Energy: [100. 100. 100. 100. 100. 100. 100. 100. 100. 100. 100.   0.]
Car 12 Energy: [100. 100. 100. 100. 100. 100. 100. 100. 100. 100. 100. 100.]
Car 13 Energy: [100. 100. 100. 100. 100. 100. 100. 100. 100. 100. 100.   0.]
Car 14 Energy: [100. 100. 100. 100. 100. 100. 100. 100. 100. 100. 100.   0.]
Car 15 Energy: [100. 100. 100. 100. 100. 100. 100. 100. 100.   0.   0.   0.]
Car 16 Energy: [100. 100. 100. 100. 100. 100. 100. 100. 100. 100. 100. 100.]
Car 17 Energy: [100. 100. 100. 100. 100. 100. 100. 100. 100. 100.   0.   0.]
Car 18 Energy: [100. 100. 100. 100. 100. 100. 100. 100. 100. 100. 100. 100.]
Car 19 Energy: [100. 100. 100. 100. 100. 100. 100. 100. 100. 100. 100.   0.]
Car 20 Energy: [100. 100. 100. 100. 100. 100. 100. 100. 100. 100. 100.   0.]
Car 21 Energy: [100. 100. 100. 100. 100. 100. 100. 100. 100. 100. 100.   0.]
Car 22 Energy: [100. 100. 100. 100. 100. 100. 100. 100. 100. 100. 100.   0.]
Car 23 Energy: [100. 100. 100. 100. 100. 100. 100. 100. 100. 100. 100.   0.]
Car 24 Energy: [100. 100. 100. 100. 100. 100. 100. 100. 100. 100.   0.   0.]
Car 25 Energy: [100. 100. 100. 100. 100. 100. 100. 100. 100. 100. 100.   0.]
Car 26 Energy: [100. 100. 100. 100. 100. 100. 100. 100. 100. 100.   0.   0.]
Car 27 Energy: [100. 100. 100. 100. 100. 100. 100. 100. 100. 100. 100. 100.]
Car 28 Energy: [100. 100. 100. 100. 100. 100. 100. 100. 100. 100. 100. 100.]
Car 1 Uncertain Time: [   0.          661.79830764  674.00486326  687.1578097   696.10208161
  720.26817355  756.00331032  793.64637077  814.67016682  853.78538125
 1551.34469772    0.        ]
Car 2 Uncertain Time: [   0.          816.11580061  895.12212947  933.95510515 1082.81745767
 1189.97155232 1270.77378001 1433.94240445 1517.42893031 2370.80926755
    0.            0.        ]
Car 3 Uncertain Time: [   0.          382.65519727  450.07181244  458.55709381  536.37739964
  579.65556966  627.03700062  641.35482169  669.78016249  783.797705
 1216.7422742     0.        ]
Car 4 Uncertain Time: [   0.          371.73243065  379.01254054  434.37498269  492.42668378
  535.06469499  665.60970639  692.08611098  728.9642888   873.38381657
 1247.93020889    0.        ]
Car 5 Uncertain Time: [   0.          437.9235093   456.89717526  558.73037221  629.30657216
  843.85959591  936.90797043  980.50842914 1050.47985188 1185.84971559
 1535.36509436    0.        ]
Car 6 Uncertain Time: [   0.          469.51570794  611.74088152  780.24310702  829.89187337
  918.35090344  968.35090344 1029.55547843 1094.33201739 1583.28600296
    0.            0.        ]
Car 7 Uncertain Time: [   0.          317.72472362  476.96353798  502.51740266  550.77711671
  642.80428661  647.80428661  679.42706321  711.4426844   802.99048612
 1041.52769496    0.        ]
Car 8 Uncertain Time: [   0.          724.17470268  760.57525213  795.93059118  808.57970183
  823.44577057  864.44577057  911.82720153  944.62964047  970.62964047
 1713.00757656    0.        ]
Car 9 Uncertain Time: [   0.          134.95184326  152.75633708  161.97588153  311.76573433
  434.63965345  678.03234027  801.13392434  829.31192995  923.56690329
 1090.30322207    0.        ]
Car 10 Uncertain Time: [   0.          595.61732681  666.39161593  696.54124279  748.89580324
  861.05640239  878.05640239  991.06082708 1099.84501711 1193.75987216
 1774.16662609    0.        ]
Car 11 Uncertain Time: [   0.          592.54704455  614.47875675  638.83034807  646.44612117
  715.49682718  728.95045123  786.22173548  865.14574957  909.53043161
 1550.96164383    0.        ]
Car 12 Uncertain Time: [   0.          635.31488256  655.33986695  673.6974267   686.73583151
  703.73583151  745.17253022  767.37613354  773.45889607  793.45889607
  805.62442113 1434.30955695]
Car 13 Uncertain Time: [   0.          696.28729703  757.12314172  760.12314172  771.30348161
  784.64514567  790.03031048  825.41392251  903.57401463  929.06911219
 1661.66518098    0.        ]
Car 14 Uncertain Time: [   0.          191.19100397  265.62218024  343.724677    433.46318601
  488.933899    537.76012147  653.28068241  809.59127066  827.97604697
 1001.34271043    0.        ]
Car 15 Uncertain Time: [   0.          662.60470871  724.00503444  738.14717006  764.45306294
  788.63983618  808.28671889  828.68279694 1501.29115252    0.
    0.            0.        ]
Car 16 Uncertain Time: [   0.          398.41812208  400.65419006  413.46043853  439.93684312
  474.1128581   503.52374044  514.15388625  593.15388625  658.95662176
  731.04684301 1142.78098053]
Car 17 Uncertain Time: [   0.          346.30189142  423.30838465  589.26018488  724.26388854
  777.97608454  945.13170066  967.49238044  970.6546581  1323.86422762
    0.            0.        ]
Car 18 Uncertain Time: [   0.          679.67418665  710.73863579  758.9050141   792.9197168
  843.52604052  956.671964   1101.57538011 1256.3041751  1296.82577428
 1346.47454063 2037.62213702]
Car 19 Uncertain Time: [   0.          779.10782309  796.60067877  835.71589321  941.78191038
  967.85872     977.90859563 1017.92109367 1069.54473167 1091.47644387
 1835.94739696    0.        ]
Car 20 Uncertain Time: [   0.          221.27358631  448.34405996  517.77027979  609.05554694
  669.22198277  776.05362602  795.90305926  864.7216614  1088.31280613
 1364.16784052    0.        ]
Car 21 Uncertain Time: [   0.          585.6995817   625.0187882   667.56288297  677.760922
  763.18925454  803.90780068  838.44763276  883.36978765  960.60320011
 1536.15337168    0.        ]
Car 22 Uncertain Time: [   0.          432.68117593  473.72992743  485.13168168  555.13882417
  587.27914153  682.11057092  847.81210984  916.93518848  965.63837112
 1441.58164505    0.        ]
Car 23 Uncertain Time: [   0.          724.10565527  755.49036493  784.6451244   822.28818485
  853.54518407  869.10153325  933.13277563  970.01095346 1051.89501784
 1790.61350279    0.        ]
Car 24 Uncertain Time: [   0.          458.22483564  524.08073895  565.19034853  608.20197486
  644.25748762  686.68389449  718.46439165  789.14677984 1258.90522841
    0.            0.        ]
Car 25 Uncertain Time: [   0.          595.7986237   600.7986237   619.90359687  664.82575176
  701.06109363  710.00536554  756.40579657  787.45414596  852.60013586
 1415.85673813    0.        ]
Car 26 Uncertain Time: [  0.         290.03792855 317.93057992 367.57934627 432.69462865
 473.00591739 501.23710582 529.68003112 594.45657009 907.91789147
   0.           0.        ]
Car 27 Uncertain Time: [   0.          716.46702646  782.56543794  839.45128855  871.70031954
  936.10528829  980.48997034 1010.6395972  1096.97035649 1235.62460273
 1305.63174522 2018.40800745]
Car 28 Uncertain Time: [   0.          763.0530781   776.98146638  837.01479046  847.83144428
  901.1699857   963.29888396 1023.29888396 1070.13903768 1140.8497158
 1196.31141429 1984.31395236]
Car 1 UncertainEnergy: [100. 100. 100. 100. 100. 100. 100. 100. 100. 100. 100.   0.]
Car 2 UncertainEnergy: [100. 100. 100. 100. 100. 100. 100. 100. 100. 100.   0.   0.]
Car 3 UncertainEnergy: [100. 100. 100. 100. 100. 100. 100. 100. 100. 100. 100.   0.]
Car 4 UncertainEnergy: [100. 100. 100. 100. 100. 100. 100. 100. 100. 100. 100.   0.]
Car 5 UncertainEnergy: [100. 100. 100. 100. 100. 100. 100. 100. 100. 100. 100.   0.]
Car 6 UncertainEnergy: [100. 100. 100. 100. 100. 100. 100. 100. 100. 100.   0.   0.]
Car 7 UncertainEnergy: [100. 100. 100. 100. 100. 100. 100. 100. 100. 100. 100.   0.]
Car 8 UncertainEnergy: [100. 100. 100. 100. 100. 100. 100. 100. 100. 100. 100.   0.]
Car 9 UncertainEnergy: [100. 100. 100. 100. 100. 100. 100. 100. 100. 100. 100.   0.]
Car 10 UncertainEnergy: [100. 100. 100. 100. 100. 100. 100. 100. 100. 100. 100.   0.]
Car 11 UncertainEnergy: [100. 100. 100. 100. 100. 100. 100. 100. 100. 100. 100.   0.]
Car 12 UncertainEnergy: [100. 100. 100. 100. 100. 100. 100. 100. 100. 100. 100. 100.]
Car 13 UncertainEnergy: [100. 100. 100. 100. 100. 100. 100. 100. 100. 100. 100.   0.]
Car 14 UncertainEnergy: [100. 100. 100. 100. 100. 100. 100. 100. 100. 100. 100.   0.]
Car 15 UncertainEnergy: [100. 100. 100. 100. 100. 100. 100. 100. 100.   0.   0.   0.]
Car 16 UncertainEnergy: [100. 100. 100. 100. 100. 100. 100. 100. 100. 100. 100. 100.]
Car 17 UncertainEnergy: [100. 100. 100. 100. 100. 100. 100. 100. 100. 100.   0.   0.]
Car 18 UncertainEnergy: [100. 100. 100. 100. 100. 100. 100. 100. 100. 100. 100. 100.]
Car 19 UncertainEnergy: [100. 100. 100. 100. 100. 100. 100. 100. 100. 100. 100.   0.]
Car 20 UncertainEnergy: [100. 100. 100. 100. 100. 100. 100. 100. 100. 100. 100.   0.]
Car 21 UncertainEnergy: [100. 100. 100. 100. 100. 100. 100. 100. 100. 100. 100.   0.]
Car 22 UncertainEnergy: [100. 100. 100. 100. 100. 100. 100. 100. 100. 100. 100.   0.]
Car 23 UncertainEnergy: [100. 100. 100. 100. 100. 100. 100. 100. 100. 100. 100.   0.]
Car 24 UncertainEnergy: [100. 100. 100. 100. 100. 100. 100. 100. 100. 100.   0.   0.]
Car 25 UncertainEnergy: [100. 100. 100. 100. 100. 100. 100. 100. 100. 100. 100.   0.]
Car 26 UncertainEnergy: [100. 100. 100. 100. 100. 100. 100. 100. 100. 100.   0.   0.]
Car 27 UncertainEnergy: [100. 100. 100. 100. 100. 100. 100. 100. 100. 100. 100. 100.]
Car 28 UncertainEnergy: [100. 100. 100. 100. 100. 100. 100. 100. 100. 100. 100. 100.]
