Solver Type: Recursive
Solving Time: 126.48238904299998
N: 336
Cars: 86
Clustering Method: Max_Eigenvalue
Recharge Model: ConstantRate
Cost: 148036.57975986003
Solution Gap: 6.416156709289727
Charging Stations: []
Car 1 Trajectory Node: [  0 237 168   0   0   0   0   0   0   0   0   0]
Car 2 Trajectory Node: [  0 329 252 134   0   0   0   0   0   0   0   0]
Car 3 Trajectory Node: [  0  50 306  46 216  37 141 292 262   0   0   0]
Car 4 Trajectory Node: [  0 229 282 194 221 297  93  73 304  32   0   0]
Car 5 Trajectory Node: [  0 315   5 253 101   0   0   0   0   0   0   0]
Car 6 Trajectory Node: [  0 287 191 328   0   0   0   0   0   0   0   0]
Car 7 Trajectory Node: [  0 140 242   0   0   0   0   0   0   0   0   0]
Car 8 Trajectory Node: [  0  90 240 236   0   0   0   0   0   0   0   0]
Car 9 Trajectory Node: [  0  40 268  26  11 197  43 285 127   0   0   0]
Car 10 Trajectory Node: [  0 117 137 110   0   0   0   0   0   0   0   0]
Car 11 Trajectory Node: [  0 122 108 123  66   0   0   0   0   0   0   0]
Car 12 Trajectory Node: [  0 155  79   0   0   0   0   0   0   0   0   0]
Car 13 Trajectory Node: [  0 298 178 219 145 163   0   0   0   0   0   0]
Car 14 Trajectory Node: [  0 243 118 269 139 331 266  47   0   0   0   0]
Car 15 Trajectory Node: [  0 259 251 326   0   0   0   0   0   0   0   0]
Car 16 Trajectory Node: [  0 150 267   0   0   0   0   0   0   0   0   0]
Car 17 Trajectory Node: [  0 202 255  20  71   0   0   0   0   0   0   0]
Car 18 Trajectory Node: [  0 334 176  76   0   0   0   0   0   0   0   0]
Car 19 Trajectory Node: [  0 305  97 183   0   0   0   0   0   0   0   0]
Car 20 Trajectory Node: [  0  12 113  74  95   0   0   0   0   0   0   0]
Car 21 Trajectory Node: [  0 327 182 144   0   0   0   0   0   0   0   0]
Car 22 Trajectory Node: [  0 335 206 290 204 320 257  38   7 193   0   0]
Car 23 Trajectory Node: [  0 181 295 284   0   0   0   0   0   0   0   0]
Car 24 Trajectory Node: [  0  86 309 196   0   0   0   0   0   0   0   0]
Car 25 Trajectory Node: [  0 226  72  68   6   0   0   0   0   0   0   0]
Car 26 Trajectory Node: [  0 121  52 174   0   0   0   0   0   0   0   0]
Car 27 Trajectory Node: [  0 224  67 254   0   0   0   0   0   0   0   0]
Car 28 Trajectory Node: [  0 187 278  82   0   0   0   0   0   0   0   0]
Car 29 Trajectory Node: [  0 314  55 330   0   0   0   0   0   0   0   0]
Car 30 Trajectory Node: [  0  49 104 281 275 214   0   0   0   0   0   0]
Car 31 Trajectory Node: [  0 333  30 115  44 215  85 190   0   0   0   0]
Car 32 Trajectory Node: [  0 128 271 135 246   0   0   0   0   0   0   0]
Car 33 Trajectory Node: [  0 166  83  17   0   0   0   0   0   0   0   0]
Car 34 Trajectory Node: [  0 230 250 161   0   0   0   0   0   0   0   0]
Car 35 Trajectory Node: [  0 245  89 260   0   0   0   0   0   0   0   0]
Car 36 Trajectory Node: [  0 218  62 239 146   0   0   0   0   0   0   0]
Car 37 Trajectory Node: [  0 159 129 258 232   0   0   0   0   0   0   0]
Car 38 Trajectory Node: [  0 299 296  94   0   0   0   0   0   0   0   0]
Car 39 Trajectory Node: [  0  34 247 186 233 169 228 200   0   0   0   0]
Car 40 Trajectory Node: [  0 126 256 318   0   0   0   0   0   0   0   0]
Car 41 Trajectory Node: [  0 222 198 325   0   0   0   0   0   0   0   0]
Car 42 Trajectory Node: [  0 280  41   4 308  60  45   0   0   0   0   0]
Car 43 Trajectory Node: [  0 111  81   1 205   0   0   0   0   0   0   0]
Car 44 Trajectory Node: [  0 189 136   0   0   0   0   0   0   0   0   0]
Car 45 Trajectory Node: [  0 164  13  59 201   0   0   0   0   0   0   0]
Car 46 Trajectory Node: [  0 264 132 120 322 173 211   8   0   0   0   0]
Car 47 Trajectory Node: [  0 119 227 208 244  24   0   0   0   0   0   0]
Car 48 Trajectory Node: [  0 112 263   0   0   0   0   0   0   0   0   0]
Car 49 Trajectory Node: [  0  61 147 235  48   0   0   0   0   0   0   0]
Car 50 Trajectory Node: [  0 270 249 179   0   0   0   0   0   0   0   0]
Car 51 Trajectory Node: [  0  23 272  16   0   0   0   0   0   0   0   0]
Car 52 Trajectory Node: [  0 307 107   0   0   0   0   0   0   0   0   0]
Car 53 Trajectory Node: [  0 286 210 323   0   0   0   0   0   0   0   0]
Car 54 Trajectory Node: [  0  25 192  33 274 277 149  75   0   0   0   0]
Car 55 Trajectory Node: [  0 207  14 313  77 231 184   0   0   0   0   0]
Car 56 Trajectory Node: [  0  58 293 151 273 209   0   0   0   0   0   0]
Car 57 Trajectory Node: [  0 116  56  10   0   0   0   0   0   0   0   0]
Car 58 Trajectory Node: [  0 143 283  31 302   0   0   0   0   0   0   0]
Car 59 Trajectory Node: [  0 133 291 248   0   0   0   0   0   0   0   0]
Car 60 Trajectory Node: [  0 162 319 294 172 195  65 316 225  54 213   0]
Car 61 Trajectory Node: [  0  99 130 261   0   0   0   0   0   0   0   0]
Car 62 Trajectory Node: [  0 300  36  21  42   0   0   0   0   0   0   0]
Car 63 Trajectory Node: [  0 105  51 125  22   0   0   0   0   0   0   0]
Car 64 Trajectory Node: [  0 152  27 158   0   0   0   0   0   0   0   0]
Car 65 Trajectory Node: [  0 170   2 124   0   0   0   0   0   0   0   0]
Car 66 Trajectory Node: [  0  53 106 175   0   0   0   0   0   0   0   0]
Car 67 Trajectory Node: [  0 157 317 165   0   0   0   0   0   0   0   0]
Car 68 Trajectory Node: [  0  69 217  15  29 180 311   0   0   0   0   0]
Car 69 Trajectory Node: [  0 321 131 234   0   0   0   0   0   0   0   0]
Car 70 Trajectory Node: [  0 142 154 241 114 332   0   0   0   0   0   0]
Car 71 Trajectory Node: [  0 324  57  91   0   0   0   0   0   0   0   0]
Car 72 Trajectory Node: [  0 100 288 301  18   0   0   0   0   0   0   0]
Car 73 Trajectory Node: [  0 220 265   0   0   0   0   0   0   0   0   0]
Car 74 Trajectory Node: [  0 109 279  78   0   0   0   0   0   0   0   0]
Car 75 Trajectory Node: [  0  70 156 212 185   0   0   0   0   0   0   0]
Car 76 Trajectory Node: [  0  28 171   0   0   0   0   0   0   0   0   0]
Car 77 Trajectory Node: [ 0 96 87  0  0  0  0  0  0  0  0  0]
Car 78 Trajectory Node: [  0 310 153  88   0   0   0   0   0   0   0   0]
Car 79 Trajectory Node: [  0 289  92 177  63   0   0   0   0   0   0   0]
Car 80 Trajectory Node: [  0  35   9 148   0   0   0   0   0   0   0   0]
Car 81 Trajectory Node: [  0 303  80  19   0   0   0   0   0   0   0   0]
Car 82 Trajectory Node: [ 0 39 98 84  0  0  0  0  0  0  0  0]
Car 83 Trajectory Node: [  0 199 188 138   0   0   0   0   0   0   0   0]
Car 84 Trajectory Node: [  0 238 203 167 160   0   0   0   0   0   0   0]
Car 85 Trajectory Node: [  0 312  64 223   0   0   0   0   0   0   0   0]
Car 86 Trajectory Node: [  0 102 103   3 276   0   0   0   0   0   0   0]
Car 1 Time: [  0.         128.94960256 259.55205277 420.35317216   0.
   0.           0.           0.           0.           0.
   0.           0.        ]
Car 2 Time: [   0.         1164.06614932 1296.16459746 1345.82343353 2586.91408292
    0.            0.            0.            0.            0.
    0.            0.        ]
Car 3 Time: [   0.          802.64188777  904.62227804  966.75117631 1035.22744957
 1176.4011015  1230.30842939 1238.37068714 1288.49054348 2151.79813641
    0.            0.        ]
Car 4 Time: [   0.          794.64017014  807.64017014  859.64978464  934.67644656
  941.88754911  972.56327241 1065.73515659 1075.58401439 1107.20679099
 1897.32893345    0.        ]
Car 5 Time: [   0.          439.05580511  537.42754902  829.67744209  869.0728733
 1639.23194778    0.            0.            0.            0.
    0.            0.        ]
Car 6 Time: [   0.          930.65998087  950.07646871 1046.33133872 2090.48458418
    0.            0.            0.            0.            0.
    0.            0.        ]
Car 7 Time: [  0.         248.12899871 302.946879   571.95431384   0.
   0.           0.           0.           0.           0.
   0.           0.        ]
Car 8 Time: [   0.          622.47570234 1029.08608096 1101.50845319 2004.71219543
    0.            0.            0.            0.            0.
    0.            0.        ]
Car 9 Time: [   0.          679.18186077  705.58261834  712.79372089  714.20793445
  743.41409818  797.45112253  819.47383807  925.75648012 1580.90608135
    0.            0.        ]
Car 10 Time: [   0.         1043.24349986 1068.08298456 1202.91621488 2310.92343508
    0.            0.            0.            0.            0.
    0.            0.        ]
Car 11 Time: [   0.          436.35421391  517.36038652  758.93025219  842.95405834
 1486.03181413    0.            0.            0.            0.
    0.            0.        ]
Car 12 Time: [   0.         1345.49061684 1419.59864609 2818.99315802    0.
    0.            0.            0.            0.            0.
    0.            0.        ]
Car 13 Time: [   0.          951.86658729  995.14475731 1044.64223199 1252.70231947
 1436.11442375 2414.91470982    0.            0.            0.
    0.            0.        ]
Car 14 Time: [   0.          616.65063042  639.47605484  695.37775428  738.9437961
  791.28880542  888.37124461  905.48848738 1567.68181262    0.
    0.            0.        ]
Car 15 Time: [   0.          442.15947349  523.1656461   628.28462631 1091.95800273
    0.            0.            0.            0.            0.
    0.            0.        ]
Car 16 Time: [   0.         1184.365653   1228.2290774  2450.52609531    0.
    0.            0.            0.            0.            0.
    0.            0.        ]
Car 17 Time: [   0.          936.83082784 1015.1443005  1103.19542202 1166.75641635
 2257.16643097    0.            0.            0.            0.
    0.            0.        ]
Car 18 Time: [  0.         205.78872661 265.19411357 345.97158568 612.40168908
   0.           0.           0.           0.           0.
   0.           0.        ]
Car 19 Time: [   0.           89.26925563  529.50782731  926.62997477 1058.81545052
    0.            0.            0.            0.            0.
    0.            0.        ]
Car 20 Time: [   0.         1068.39786597 1106.86863409 1196.2274613  1273.3312874
 2394.6341011     0.            0.            0.            0.
    0.            0.        ]
Car 21 Time: [   0.         1189.62599165 1205.75050714 1237.8908245  2457.70925361
    0.            0.            0.            0.            0.
    0.            0.        ]
Car 22 Time: [   0.          791.84152455  803.88311913  827.90394343  879.91355792
  894.33576302  978.39526576 1011.50115647 1027.31254477 1060.9280174
 1871.85958048    0.        ]
Car 23 Time: [   0.          319.92030258  584.0130893   852.42508605 1243.01566453
    0.            0.            0.            0.            0.
    0.            0.        ]
Car 24 Time: [   0.          968.65370489 1149.12530931 1190.13750261 2282.14940731
    0.            0.            0.            0.            0.
    0.            0.        ]
Car 25 Time: [   0.          469.15349301  488.95248288  630.18279124  640.62309775
 1250.01787948    0.            0.            0.            0.
    0.            0.        ]
Car 26 Time: [   0.         1262.96991255 1307.61294112 1431.8103646  2835.43887671
    0.            0.            0.            0.            0.
    0.            0.        ]
Car 27 Time: [  0.         385.96631977 558.21033273 587.94247023 976.95403818
   0.           0.           0.           0.           0.
   0.           0.        ]
Car 28 Time: [   0.          888.60846271  944.58167059 1007.86673992 1906.17459361
    0.            0.            0.            0.            0.
    0.            0.        ]
Car 29 Time: [  0.         265.2395144  281.518335   290.73787945 580.98260378
   0.           0.           0.           0.           0.
   0.           0.        ]
Car 30 Time: [   0.          999.64893838 1066.53690441 1128.56915409 1175.83436328
 1207.45713988 2210.7208141     0.            0.            0.
    0.            0.        ]
Car 31 Time: [   0.          888.82956746  932.76133274  977.04451239  994.76455754
 1045.75475267 1077.77037386 1098.16645191 2081.40599546    0.
    0.            0.        ]
Car 32 Time: [   0.          620.72538211  694.38676956  736.81317643  746.03272088
 1485.13014342    0.            0.            0.            0.
    0.            0.        ]
Car 33 Time: [   0.          272.44265452  543.20823579  760.87311582 1079.56575772
    0.            0.            0.            0.            0.
    0.            0.        ]
Car 34 Time: [   0.         1080.92275395 1274.3600823  1335.03132755 2472.11751601
    0.            0.            0.            0.            0.
    0.            0.        ]
Car 35 Time: [   0.          984.58722315 1020.32235993 1116.49928023 2222.76733093
    0.            0.            0.            0.            0.
    0.            0.        ]
Car 36 Time: [   0.          599.60820541  711.86683537  742.88296021  815.99246712
 1488.80819226    0.            0.            0.            0.
    0.            0.        ]
Car 37 Time: [   0.          913.61260937  975.85407465 1108.85783399 1249.57386009
 2165.16383382    0.            0.            0.            0.
    0.            0.        ]
Car 38 Time: [  0.         285.39446386 295.29395879 325.26060692 646.1749257
   0.           0.           0.           0.           0.
   0.           0.        ]
Car 39 Time: [   0.          930.63956503  955.37819878 1008.64169473 1153.76577956
 1241.06411861 1265.66086636 1326.71821645 2271.87957834    0.
    0.            0.        ]
Car 40 Time: [   0.         1206.78498499 1239.23494647 1298.77484906 2535.26827807
    0.            0.            0.            0.            0.
    0.            0.        ]
Car 41 Time: [   0.          373.30148674  711.42128799 1049.6002347  1431.18901861
    0.            0.            0.            0.            0.
    0.            0.        ]
Car 42 Time: [   0.          739.42274782  785.39012756  834.4309269   879.08515403
  881.321222    913.14888293 1667.42336878    0.            0.
    0.            0.        ]
Car 43 Time: [   0.          749.47715109  895.91826553 1038.09069605 1055.12008242
 1820.32593707    0.            0.            0.            0.
    0.            0.        ]
Car 44 Time: [   0.         1267.32789759 1281.32789759 2559.49064153    0.
    0.            0.            0.            0.            0.
    0.            0.        ]
Car 45 Time: [   0.          651.95858764  692.4555011   810.83201905  845.83201905
 1564.83271446    0.            0.            0.            0.
    0.            0.        ]
Car 46 Time: [   0.          570.04648933  751.47691677  839.14104855  857.16880492
  892.55241695  971.76100234 1119.01927885 1768.28732827    0.
    0.            0.        ]
Car 47 Time: [   0.          937.51266658  970.07030777 1029.87833399 1161.70397641
 1183.90757972 2157.43313152    0.            0.            0.
    0.            0.        ]
Car 48 Time: [  0.          50.11985634  76.292361   151.74433248   0.
   0.           0.           0.           0.           0.
   0.           0.        ]
Car 49 Time: [   0.         1080.02083313 1162.62833884 1189.55416288 1216.86716345
 2333.41631149    0.            0.            0.            0.
    0.            0.        ]
Car 50 Time: [   0.          856.83195552 1039.75543679 1304.76109711 2245.43000804
    0.            0.            0.            0.            0.
    0.            0.        ]
Car 51 Time: [   0.          454.40070422  524.2720145   617.3794793  1126.19476995
    0.            0.            0.            0.            0.
    0.            0.        ]
Car 52 Time: [   0.          966.17286238  987.19665842 1969.34939603    0.
    0.            0.            0.            0.            0.
    0.            0.        ]
Car 53 Time: [  0.         137.76792079 187.98743891 357.60170718 689.4525773
   0.           0.           0.           0.           0.
   0.           0.        ]
Car 54 Time: [   0.          723.34293388  749.64882676  793.7509809   876.51570769
  931.68816459 1009.30903807 1057.57911161 1782.26456062    0.
    0.            0.        ]
Car 55 Time: [   0.          395.21639642  411.21639642  546.7486804   570.91477235
  611.41168581  674.69675514 1138.98115074    0.            0.
    0.            0.        ]
Car 56 Time: [   0.          817.53776671  939.10256425  986.52618705 1014.68644273
 1101.7094282  1986.25959637    0.            0.            0.
    0.            0.        ]
Car 57 Time: [  0.         161.92899679 344.63093985 418.6917257  680.08797663
   0.           0.           0.           0.           0.
   0.           0.        ]
Car 58 Time: [   0.         1051.49274843 1069.29724224 1271.63606699 1315.46528099
 2370.47428569    0.            0.            0.            0.
    0.            0.        ]
Car 59 Time: [   0.          968.51639119 1054.42331757 1125.93555428 2114.67313322
    0.            0.            0.            0.            0.
    0.            0.        ]
Car 60 Time: [   0.          841.40180651  870.03744864  884.90351738  913.36401633
  946.37916436  959.98063487 1001.59793897 1024.79276598 1039.21497108
 1080.40963093 1958.35495952]
Car 61 Time: [   0.          408.94987468  463.15319561  718.07475217 1263.95477562
    0.            0.            0.            0.            0.
    0.            0.        ]
Car 62 Time: [   0.          438.81886924  585.95825893  682.56571206  766.88059806
 1218.76553916    0.            0.            0.            0.
    0.            0.        ]
Car 63 Time: [   0.          906.01545241  932.41620997 1053.21770003 1073.31745127
 2007.76274127    0.            0.            0.            0.
    0.            0.        ]
Car 64 Time: [   0.          922.83476311 1023.97328198 1121.5027647  2156.31530811
    0.            0.            0.            0.            0.
    0.            0.        ]
Car 65 Time: [  0.         139.01438774 231.86372808 288.898805   558.88584173
   0.           0.           0.           0.           0.
   0.           0.        ]
Car 66 Time: [   0.         1235.16517114 1292.96655521 1335.97818154 2585.73735834
    0.            0.            0.            0.            0.
    0.            0.        ]
Car 67 Time: [   0.          499.45970808  507.07548119  684.88999128 1313.3897924
    0.            0.            0.            0.            0.
    0.            0.        ]
Car 68 Time: [   0.          705.38854541  856.25272274  990.87070074 1025.69885027
 1052.77282301 1099.81535696 1866.66475547    0.            0.
    0.            0.        ]
Car 69 Time: [   0.         1145.5500862  1169.0872908  1182.24023723 2356.38247734
    0.            0.            0.            0.            0.
    0.            0.        ]
Car 70 Time: [   0.          473.60004223  596.66506569  624.89625412  650.39135169
  712.63281697 1229.47418528    0.            0.            0.
    0.            0.        ]
Car 71 Time: [   0.          749.2749829   922.15933731 1004.3116349  1903.51183508
    0.            0.            0.            0.            0.
    0.            0.        ]
Car 72 Time: [   0.          779.41644838  805.41644838  940.06413681  977.07764785
 1801.58356051    0.            0.            0.            0.
    0.            0.        ]
Car 73 Time: [  0.         300.5328601  317.0252826  624.63542548   0.
   0.           0.           0.           0.           0.
   0.           0.        ]
Car 74 Time: [   0.          788.04187706  817.57152318  826.11552693 1639.51149446
    0.            0.            0.            0.            0.
    0.            0.        ]
Car 75 Time: [   0.          813.90417126  819.28933607  962.51293748 1042.13705443
 1868.16489899    0.            0.            0.            0.
    0.            0.        ]
Car 76 Time: [   0.         1113.90888317 1138.96881134 2260.67510088    0.
    0.            0.            0.            0.            0.
    0.            0.        ]
Car 77 Time: [  0.         267.37987957 309.92397434 619.33955249   0.
   0.           0.           0.           0.           0.
   0.           0.        ]
Car 78 Time: [   0.         1214.84813866 1316.02619952 1461.19506671 2678.85224342
    0.            0.            0.            0.            0.
    0.            0.        ]
Car 79 Time: [   0.          584.14381791  629.75083491  695.87193593  760.25361034
 1420.62093237    0.            0.            0.            0.
    0.            0.        ]
Car 80 Time: [   0.          817.45947912  883.22421131  964.56915583 1814.07018585
    0.            0.            0.            0.            0.
    0.            0.        ]
Car 81 Time: [   0.          574.43189326  602.59214895  626.36187759 1205.22282808
    0.            0.            0.            0.            0.
    0.            0.        ]
Car 82 Time: [   0.         1087.44195247 1207.51276491 1284.67493181 2437.9663087
    0.            0.            0.            0.            0.
    0.            0.        ]
Car 83 Time: [   0.          393.20478125  447.54629393  717.96263959 1369.5530017
    0.            0.            0.            0.            0.
    0.            0.        ]
Car 84 Time: [   0.          960.46863561 1046.93828347 1231.00620572 1248.03559208
 2384.7747882     0.            0.            0.            0.
    0.            0.        ]
Car 85 Time: [  0.         355.30831682 401.9237649  446.12783711 826.42377451
   0.           0.           0.           0.           0.
   0.           0.        ]
Car 86 Time: [   0.          405.56380509  461.42971598  844.3996887   846.63575668
 1637.64144566    0.            0.            0.            0.
    0.            0.        ]
Car 1 Energy: [100. 100. 100. 100.   0.   0.   0.   0.   0.   0.   0.   0.]
Car 2 Energy: [100. 100. 100. 100. 100.   0.   0.   0.   0.   0.   0.   0.]
Car 3 Energy: [100. 100. 100. 100. 100. 100. 100. 100. 100. 100.   0.   0.]
Car 4 Energy: [100. 100. 100. 100. 100. 100. 100. 100. 100. 100. 100.   0.]
Car 5 Energy: [100. 100. 100. 100. 100. 100.   0.   0.   0.   0.   0.   0.]
Car 6 Energy: [100. 100. 100. 100. 100.   0.   0.   0.   0.   0.   0.   0.]
Car 7 Energy: [100. 100. 100. 100.   0.   0.   0.   0.   0.   0.   0.   0.]
Car 8 Energy: [100. 100. 100. 100. 100.   0.   0.   0.   0.   0.   0.   0.]
Car 9 Energy: [100. 100. 100. 100. 100. 100. 100. 100. 100. 100.   0.   0.]
Car 10 Energy: [100. 100. 100. 100. 100.   0.   0.   0.   0.   0.   0.   0.]
Car 11 Energy: [100. 100. 100. 100. 100. 100.   0.   0.   0.   0.   0.   0.]
Car 12 Energy: [100. 100. 100. 100.   0.   0.   0.   0.   0.   0.   0.   0.]
Car 13 Energy: [100. 100. 100. 100. 100. 100. 100.   0.   0.   0.   0.   0.]
Car 14 Energy: [100. 100. 100. 100. 100. 100. 100. 100. 100.   0.   0.   0.]
Car 15 Energy: [100. 100. 100. 100. 100.   0.   0.   0.   0.   0.   0.   0.]
Car 16 Energy: [100. 100. 100. 100.   0.   0.   0.   0.   0.   0.   0.   0.]
Car 17 Energy: [100. 100. 100. 100. 100. 100.   0.   0.   0.   0.   0.   0.]
Car 18 Energy: [100. 100. 100. 100. 100.   0.   0.   0.   0.   0.   0.   0.]
Car 19 Energy: [100. 100. 100. 100. 100.   0.   0.   0.   0.   0.   0.   0.]
Car 20 Energy: [100. 100. 100. 100. 100. 100.   0.   0.   0.   0.   0.   0.]
Car 21 Energy: [100. 100. 100. 100. 100.   0.   0.   0.   0.   0.   0.   0.]
Car 22 Energy: [100. 100. 100. 100. 100. 100. 100. 100. 100. 100. 100.   0.]
Car 23 Energy: [100. 100. 100. 100. 100.   0.   0.   0.   0.   0.   0.   0.]
Car 24 Energy: [100. 100. 100. 100. 100.   0.   0.   0.   0.   0.   0.   0.]
Car 25 Energy: [100. 100. 100. 100. 100. 100.   0.   0.   0.   0.   0.   0.]
Car 26 Energy: [100. 100. 100. 100. 100.   0.   0.   0.   0.   0.   0.   0.]
Car 27 Energy: [100. 100. 100. 100. 100.   0.   0.   0.   0.   0.   0.   0.]
Car 28 Energy: [100. 100. 100. 100. 100.   0.   0.   0.   0.   0.   0.   0.]
Car 29 Energy: [100. 100. 100. 100. 100.   0.   0.   0.   0.   0.   0.   0.]
Car 30 Energy: [100. 100. 100. 100. 100. 100. 100.   0.   0.   0.   0.   0.]
Car 31 Energy: [100. 100. 100. 100. 100. 100. 100. 100. 100.   0.   0.   0.]
Car 32 Energy: [100. 100. 100. 100. 100. 100.   0.   0.   0.   0.   0.   0.]
Car 33 Energy: [100. 100. 100. 100. 100.   0.   0.   0.   0.   0.   0.   0.]
Car 34 Energy: [100. 100. 100. 100. 100.   0.   0.   0.   0.   0.   0.   0.]
Car 35 Energy: [100. 100. 100. 100. 100.   0.   0.   0.   0.   0.   0.   0.]
Car 36 Energy: [100. 100. 100. 100. 100. 100.   0.   0.   0.   0.   0.   0.]
Car 37 Energy: [100. 100. 100. 100. 100. 100.   0.   0.   0.   0.   0.   0.]
Car 38 Energy: [100. 100. 100. 100. 100.   0.   0.   0.   0.   0.   0.   0.]
Car 39 Energy: [100. 100. 100. 100. 100. 100. 100. 100. 100.   0.   0.   0.]
Car 40 Energy: [100. 100. 100. 100. 100.   0.   0.   0.   0.   0.   0.   0.]
Car 41 Energy: [100. 100. 100. 100. 100.   0.   0.   0.   0.   0.   0.   0.]
Car 42 Energy: [100. 100. 100. 100. 100. 100. 100. 100.   0.   0.   0.   0.]
Car 43 Energy: [100. 100. 100. 100. 100. 100.   0.   0.   0.   0.   0.   0.]
Car 44 Energy: [100. 100. 100. 100.   0.   0.   0.   0.   0.   0.   0.   0.]
Car 45 Energy: [100. 100. 100. 100. 100. 100.   0.   0.   0.   0.   0.   0.]
Car 46 Energy: [100. 100. 100. 100. 100. 100. 100. 100. 100.   0.   0.   0.]
Car 47 Energy: [100. 100. 100. 100. 100. 100. 100.   0.   0.   0.   0.   0.]
Car 48 Energy: [100. 100. 100. 100.   0.   0.   0.   0.   0.   0.   0.   0.]
Car 49 Energy: [100. 100. 100. 100. 100. 100.   0.   0.   0.   0.   0.   0.]
Car 50 Energy: [100. 100. 100. 100. 100.   0.   0.   0.   0.   0.   0.   0.]
Car 51 Energy: [100. 100. 100. 100. 100.   0.   0.   0.   0.   0.   0.   0.]
Car 52 Energy: [100. 100. 100. 100.   0.   0.   0.   0.   0.   0.   0.   0.]
Car 53 Energy: [100. 100. 100. 100. 100.   0.   0.   0.   0.   0.   0.   0.]
Car 54 Energy: [100. 100. 100. 100. 100. 100. 100. 100. 100.   0.   0.   0.]
Car 55 Energy: [100. 100. 100. 100. 100. 100. 100. 100.   0.   0.   0.   0.]
Car 56 Energy: [100. 100. 100. 100. 100. 100. 100.   0.   0.   0.   0.   0.]
Car 57 Energy: [100. 100. 100. 100. 100.   0.   0.   0.   0.   0.   0.   0.]
Car 58 Energy: [100. 100. 100. 100. 100. 100.   0.   0.   0.   0.   0.   0.]
Car 59 Energy: [100. 100. 100. 100. 100.   0.   0.   0.   0.   0.   0.   0.]
Car 60 Energy: [100. 100. 100. 100. 100. 100. 100. 100. 100. 100. 100. 100.]
Car 61 Energy: [100. 100. 100. 100. 100.   0.   0.   0.   0.   0.   0.   0.]
Car 62 Energy: [100. 100. 100. 100. 100. 100.   0.   0.   0.   0.   0.   0.]
Car 63 Energy: [100. 100. 100. 100. 100. 100.   0.   0.   0.   0.   0.   0.]
Car 64 Energy: [100. 100. 100. 100. 100.   0.   0.   0.   0.   0.   0.   0.]
Car 65 Energy: [100. 100. 100. 100. 100.   0.   0.   0.   0.   0.   0.   0.]
Car 66 Energy: [100. 100. 100. 100. 100.   0.   0.   0.   0.   0.   0.   0.]
Car 67 Energy: [100. 100. 100. 100. 100.   0.   0.   0.   0.   0.   0.   0.]
Car 68 Energy: [100. 100. 100. 100. 100. 100. 100. 100.   0.   0.   0.   0.]
Car 69 Energy: [100. 100. 100. 100. 100.   0.   0.   0.   0.   0.   0.   0.]
Car 70 Energy: [100. 100. 100. 100. 100. 100. 100.   0.   0.   0.   0.   0.]
Car 71 Energy: [100. 100. 100. 100. 100.   0.   0.   0.   0.   0.   0.   0.]
Car 72 Energy: [100. 100. 100. 100. 100. 100.   0.   0.   0.   0.   0.   0.]
Car 73 Energy: [100. 100. 100. 100.   0.   0.   0.   0.   0.   0.   0.   0.]
Car 74 Energy: [100. 100. 100. 100. 100.   0.   0.   0.   0.   0.   0.   0.]
Car 75 Energy: [100. 100. 100. 100. 100. 100.   0.   0.   0.   0.   0.   0.]
Car 76 Energy: [100. 100. 100. 100.   0.   0.   0.   0.   0.   0.   0.   0.]
Car 77 Energy: [100. 100. 100. 100.   0.   0.   0.   0.   0.   0.   0.   0.]
Car 78 Energy: [100. 100. 100. 100. 100.   0.   0.   0.   0.   0.   0.   0.]
Car 79 Energy: [100. 100. 100. 100. 100. 100.   0.   0.   0.   0.   0.   0.]
Car 80 Energy: [100. 100. 100. 100. 100.   0.   0.   0.   0.   0.   0.   0.]
Car 81 Energy: [100. 100. 100. 100. 100.   0.   0.   0.   0.   0.   0.   0.]
Car 82 Energy: [100. 100. 100. 100. 100.   0.   0.   0.   0.   0.   0.   0.]
Car 83 Energy: [100. 100. 100. 100. 100.   0.   0.   0.   0.   0.   0.   0.]
Car 84 Energy: [100. 100. 100. 100. 100. 100.   0.   0.   0.   0.   0.   0.]
Car 85 Energy: [100. 100. 100. 100. 100.   0.   0.   0.   0.   0.   0.   0.]
Car 86 Energy: [100. 100. 100. 100. 100. 100.   0.   0.   0.   0.   0.   0.]
Car 1 Uncertain Time: [  0.         128.94960256 259.55205277 420.35317216   0.
   0.           0.           0.           0.           0.
   0.           0.        ]
Car 2 Uncertain Time: [   0.         1164.06614932 1296.16459746 1345.82343353 2586.91408292
    0.            0.            0.            0.            0.
    0.            0.        ]
Car 3 Uncertain Time: [   0.          802.64188777  904.62227804  966.75117631 1035.22744957
 1176.4011015  1230.30842939 1238.37068714 1288.49054348 2151.79813641
    0.            0.        ]
Car 4 Uncertain Time: [   0.          794.64017014  807.64017014  859.64978464  934.67644656
  941.88754911  972.56327241 1065.73515659 1075.58401439 1107.20679099
 1897.32893345    0.        ]
Car 5 Uncertain Time: [   0.          439.05580511  537.42754902  829.67744209  869.0728733
 1639.23194778    0.            0.            0.            0.
    0.            0.        ]
Car 6 Uncertain Time: [   0.          930.65998087  950.07646871 1046.33133872 2090.48458418
    0.            0.            0.            0.            0.
    0.            0.        ]
Car 7 Uncertain Time: [  0.         248.12899871 302.946879   571.95431384   0.
   0.           0.           0.           0.           0.
   0.           0.        ]
Car 8 Uncertain Time: [   0.          622.47570234 1029.08608096 1101.50845319 2004.71219543
    0.            0.            0.            0.            0.
    0.            0.        ]
Car 9 Uncertain Time: [   0.          679.18186077  705.58261834  712.79372089  714.20793445
  743.41409818  797.45112253  819.47383807  925.75648012 1580.90608135
    0.            0.        ]
Car 10 Uncertain Time: [   0.         1043.24349986 1068.08298456 1202.91621488 2310.92343508
    0.            0.            0.            0.            0.
    0.            0.        ]
Car 11 Uncertain Time: [   0.          436.35421391  517.36038652  758.93025219  842.95405834
 1486.03181413    0.            0.            0.            0.
    0.            0.        ]
Car 12 Uncertain Time: [   0.         1345.49061684 1419.59864609 2818.99315802    0.
    0.            0.            0.            0.            0.
    0.            0.        ]
Car 13 Uncertain Time: [   0.          951.86658729  995.14475731 1044.64223199 1252.70231947
 1436.11442375 2414.91470982    0.            0.            0.
    0.            0.        ]
Car 14 Uncertain Time: [   0.          616.65063042  639.47605484  695.37775428  738.9437961
  791.28880542  888.37124461  905.48848738 1567.68181262    0.
    0.            0.        ]
Car 15 Uncertain Time: [   0.          442.15947349  523.1656461   628.28462631 1091.95800273
    0.            0.            0.            0.            0.
    0.            0.        ]
Car 16 Uncertain Time: [   0.         1184.365653   1228.2290774  2450.52609531    0.
    0.            0.            0.            0.            0.
    0.            0.        ]
Car 17 Uncertain Time: [   0.          936.83082784 1015.1443005  1103.19542202 1166.75641635
 2257.16643097    0.            0.            0.            0.
    0.            0.        ]
Car 18 Uncertain Time: [  0.         205.78872661 265.19411357 345.97158568 612.40168908
   0.           0.           0.           0.           0.
   0.           0.        ]
Car 19 Uncertain Time: [   0.           89.26925563  529.50782731  926.62997477 1058.81545052
    0.            0.            0.            0.            0.
    0.            0.        ]
Car 20 Uncertain Time: [   0.         1068.39786597 1106.86863409 1196.2274613  1273.3312874
 2394.6341011     0.            0.            0.            0.
    0.            0.        ]
Car 21 Uncertain Time: [   0.         1189.62599165 1205.75050714 1237.8908245  2457.70925361
    0.            0.            0.            0.            0.
    0.            0.        ]
Car 22 Uncertain Time: [   0.          791.84152455  803.88311913  827.90394343  879.91355792
  894.33576302  978.39526576 1011.50115647 1027.31254477 1060.9280174
 1871.85958048    0.        ]
Car 23 Uncertain Time: [   0.          319.92030258  584.0130893   852.42508605 1243.01566453
    0.            0.            0.            0.            0.
    0.            0.        ]
Car 24 Uncertain Time: [   0.          968.65370489 1149.12530931 1190.13750261 2282.14940731
    0.            0.            0.            0.            0.
    0.            0.        ]
Car 25 Uncertain Time: [   0.          469.15349301  488.95248288  630.18279124  640.62309775
 1250.01787948    0.            0.            0.            0.
    0.            0.        ]
Car 26 Uncertain Time: [   0.         1262.96991255 1307.61294112 1431.8103646  2835.43887671
    0.            0.            0.            0.            0.
    0.            0.        ]
Car 27 Uncertain Time: [  0.         385.96631977 558.21033273 587.94247023 976.95403818
   0.           0.           0.           0.           0.
   0.           0.        ]
Car 28 Uncertain Time: [   0.          888.60846271  944.58167059 1007.86673992 1906.17459361
    0.            0.            0.            0.            0.
    0.            0.        ]
Car 29 Uncertain Time: [  0.         265.2395144  281.518335   290.73787945 580.98260378
   0.           0.           0.           0.           0.
   0.           0.        ]
Car 30 Uncertain Time: [   0.          999.64893838 1066.53690441 1128.56915409 1175.83436328
 1207.45713988 2210.7208141     0.            0.            0.
    0.            0.        ]
Car 31 Uncertain Time: [   0.          888.82956746  932.76133274  977.04451239  994.76455754
 1045.75475267 1077.77037386 1098.16645191 2081.40599546    0.
    0.            0.        ]
Car 32 Uncertain Time: [   0.          620.72538211  694.38676956  736.81317643  746.03272088
 1485.13014342    0.            0.            0.            0.
    0.            0.        ]
Car 33 Uncertain Time: [   0.          272.44265452  543.20823579  760.87311582 1079.56575772
    0.            0.            0.            0.            0.
    0.            0.        ]
Car 34 Uncertain Time: [   0.         1080.92275395 1274.3600823  1335.03132755 2472.11751601
    0.            0.            0.            0.            0.
    0.            0.        ]
Car 35 Uncertain Time: [   0.          984.58722315 1020.32235993 1116.49928023 2222.76733093
    0.            0.            0.            0.            0.
    0.            0.        ]
Car 36 Uncertain Time: [   0.          599.60820541  711.86683537  742.88296021  815.99246712
 1488.80819226    0.            0.            0.            0.
    0.            0.        ]
Car 37 Uncertain Time: [   0.          913.61260937  975.85407465 1108.85783399 1249.57386009
 2165.16383382    0.            0.            0.            0.
    0.            0.        ]
Car 38 Uncertain Time: [  0.         285.39446386 295.29395879 325.26060692 646.1749257
   0.           0.           0.           0.           0.
   0.           0.        ]
Car 39 Uncertain Time: [   0.          930.63956503  955.37819878 1008.64169473 1153.76577956
 1241.06411861 1265.66086636 1326.71821645 2271.87957834    0.
    0.            0.        ]
Car 40 Uncertain Time: [   0.         1206.78498499 1239.23494647 1298.77484906 2535.26827807
    0.            0.            0.            0.            0.
    0.            0.        ]
Car 41 Uncertain Time: [   0.          373.30148674  711.42128799 1049.6002347  1431.18901861
    0.            0.            0.            0.            0.
    0.            0.        ]
Car 42 Uncertain Time: [   0.          739.42274782  785.39012756  834.4309269   879.08515403
  881.321222    913.14888293 1667.42336878    0.            0.
    0.            0.        ]
Car 43 Uncertain Time: [   0.          749.47715109  895.91826553 1038.09069605 1055.12008242
 1820.32593707    0.            0.            0.            0.
    0.            0.        ]
Car 44 Uncertain Time: [   0.         1267.32789759 1281.32789759 2559.49064153    0.
    0.            0.            0.            0.            0.
    0.            0.        ]
Car 45 Uncertain Time: [   0.          651.95858764  692.4555011   810.83201905  845.83201905
 1564.83271446    0.            0.            0.            0.
    0.            0.        ]
Car 46 Uncertain Time: [   0.          570.04648933  751.47691677  839.14104855  857.16880492
  892.55241695  971.76100234 1119.01927885 1768.28732827    0.
    0.            0.        ]
Car 47 Uncertain Time: [   0.          937.51266658  970.07030777 1029.87833399 1161.70397641
 1183.90757972 2157.43313152    0.            0.            0.
    0.            0.        ]
Car 48 Uncertain Time: [  0.          50.11985634  76.292361   151.74433248   0.
   0.           0.           0.           0.           0.
   0.           0.        ]
Car 49 Uncertain Time: [   0.         1080.02083313 1162.62833884 1189.55416288 1216.86716345
 2333.41631149    0.            0.            0.            0.
    0.            0.        ]
Car 50 Uncertain Time: [   0.          856.83195552 1039.75543679 1304.76109711 2245.43000804
    0.            0.            0.            0.            0.
    0.            0.        ]
Car 51 Uncertain Time: [   0.          454.40070422  524.2720145   617.3794793  1126.19476995
    0.            0.            0.            0.            0.
    0.            0.        ]
Car 52 Uncertain Time: [   0.          966.17286238  987.19665842 1969.34939603    0.
    0.            0.            0.            0.            0.
    0.            0.        ]
Car 53 Uncertain Time: [  0.         137.76792079 187.98743891 357.60170718 689.4525773
   0.           0.           0.           0.           0.
   0.           0.        ]
Car 54 Uncertain Time: [   0.          723.34293388  749.64882676  793.7509809   876.51570769
  931.68816459 1009.30903807 1057.57911161 1782.26456062    0.
    0.            0.        ]
Car 55 Uncertain Time: [   0.          395.21639642  411.21639642  546.7486804   570.91477235
  611.41168581  674.69675514 1138.98115074    0.            0.
    0.            0.        ]
Car 56 Uncertain Time: [   0.          817.53776671  939.10256425  986.52618705 1014.68644273
 1101.7094282  1986.25959637    0.            0.            0.
    0.            0.        ]
Car 57 Uncertain Time: [  0.         161.92899679 344.63093985 418.6917257  680.08797663
   0.           0.           0.           0.           0.
   0.           0.        ]
Car 58 Uncertain Time: [   0.         1051.49274843 1069.29724224 1271.63606699 1315.46528099
 2370.47428569    0.            0.            0.            0.
    0.            0.        ]
Car 59 Uncertain Time: [   0.          968.51639119 1054.42331757 1125.93555428 2114.67313322
    0.            0.            0.            0.            0.
    0.            0.        ]
Car 60 Uncertain Time: [   0.          841.40180651  870.03744864  884.90351738  913.36401633
  946.37916436  959.98063487 1001.59793897 1024.79276598 1039.21497108
 1080.40963093 1958.35495952]
Car 61 Uncertain Time: [   0.          408.94987468  463.15319561  718.07475217 1263.95477562
    0.            0.            0.            0.            0.
    0.            0.        ]
Car 62 Uncertain Time: [   0.          438.81886924  585.95825893  682.56571206  766.88059806
 1218.76553916    0.            0.            0.            0.
    0.            0.        ]
Car 63 Uncertain Time: [   0.          906.01545241  932.41620997 1053.21770003 1073.31745127
 2007.76274127    0.            0.            0.            0.
    0.            0.        ]
Car 64 Uncertain Time: [   0.          922.83476311 1023.97328198 1121.5027647  2156.31530811
    0.            0.            0.            0.            0.
    0.            0.        ]
Car 65 Uncertain Time: [  0.         139.01438774 231.86372808 288.898805   558.88584173
   0.           0.           0.           0.           0.
   0.           0.        ]
Car 66 Uncertain Time: [   0.         1235.16517114 1292.96655521 1335.97818154 2585.73735834
    0.            0.            0.            0.            0.
    0.            0.        ]
Car 67 Uncertain Time: [   0.          499.45970808  507.07548119  684.88999128 1313.3897924
    0.            0.            0.            0.            0.
    0.            0.        ]
Car 68 Uncertain Time: [   0.          705.38854541  856.25272274  990.87070074 1025.69885027
 1052.77282301 1099.81535696 1866.66475547    0.            0.
    0.            0.        ]
Car 69 Uncertain Time: [   0.         1145.5500862  1169.0872908  1182.24023723 2356.38247734
    0.            0.            0.            0.            0.
    0.            0.        ]
Car 70 Uncertain Time: [   0.          473.60004223  596.66506569  624.89625412  650.39135169
  712.63281697 1229.47418528    0.            0.            0.
    0.            0.        ]
Car 71 Uncertain Time: [   0.          749.2749829   922.15933731 1004.3116349  1903.51183508
    0.            0.            0.            0.            0.
    0.            0.        ]
Car 72 Uncertain Time: [   0.          779.41644838  805.41644838  940.06413681  977.07764785
 1801.58356051    0.            0.            0.            0.
    0.            0.        ]
Car 73 Uncertain Time: [  0.         300.5328601  317.0252826  624.63542548   0.
   0.           0.           0.           0.           0.
   0.           0.        ]
Car 74 Uncertain Time: [   0.          788.04187706  817.57152318  826.11552693 1639.51149446
    0.            0.            0.            0.            0.
    0.            0.        ]
Car 75 Uncertain Time: [   0.          813.90417126  819.28933607  962.51293748 1042.13705443
 1868.16489899    0.            0.            0.            0.
    0.            0.        ]
Car 76 Uncertain Time: [   0.         1113.90888317 1138.96881134 2260.67510088    0.
    0.            0.            0.            0.            0.
    0.            0.        ]
Car 77 Uncertain Time: [  0.         267.37987957 309.92397434 619.33955249   0.
   0.           0.           0.           0.           0.
   0.           0.        ]
Car 78 Uncertain Time: [   0.         1214.84813866 1316.02619952 1461.19506671 2678.85224342
    0.            0.            0.            0.            0.
    0.            0.        ]
Car 79 Uncertain Time: [   0.          584.14381791  629.75083491  695.87193593  760.25361034
 1420.62093237    0.            0.            0.            0.
    0.            0.        ]
Car 80 Uncertain Time: [   0.          817.45947912  883.22421131  964.56915583 1814.07018585
    0.            0.            0.            0.            0.
    0.            0.        ]
Car 81 Uncertain Time: [   0.          574.43189326  602.59214895  626.36187759 1205.22282808
    0.            0.            0.            0.            0.
    0.            0.        ]
Car 82 Uncertain Time: [   0.         1087.44195247 1207.51276491 1284.67493181 2437.9663087
    0.            0.            0.            0.            0.
    0.            0.        ]
Car 83 Uncertain Time: [   0.          393.20478125  447.54629393  717.96263959 1369.5530017
    0.            0.            0.            0.            0.
    0.            0.        ]
Car 84 Uncertain Time: [   0.          960.46863561 1046.93828347 1231.00620572 1248.03559208
 2384.7747882     0.            0.            0.            0.
    0.            0.        ]
Car 85 Uncertain Time: [  0.         355.30831682 401.9237649  446.12783711 826.42377451
   0.           0.           0.           0.           0.
   0.           0.        ]
Car 86 Uncertain Time: [   0.          405.56380509  461.42971598  844.3996887   846.63575668
 1637.64144566    0.            0.            0.            0.
    0.            0.        ]
Car 1 UncertainEnergy: [100. 100. 100. 100.   0.   0.   0.   0.   0.   0.   0.   0.]
Car 2 UncertainEnergy: [100. 100. 100. 100. 100.   0.   0.   0.   0.   0.   0.   0.]
Car 3 UncertainEnergy: [100. 100. 100. 100. 100. 100. 100. 100. 100. 100.   0.   0.]
Car 4 UncertainEnergy: [100. 100. 100. 100. 100. 100. 100. 100. 100. 100. 100.   0.]
Car 5 UncertainEnergy: [100. 100. 100. 100. 100. 100.   0.   0.   0.   0.   0.   0.]
Car 6 UncertainEnergy: [100. 100. 100. 100. 100.   0.   0.   0.   0.   0.   0.   0.]
Car 7 UncertainEnergy: [100. 100. 100. 100.   0.   0.   0.   0.   0.   0.   0.   0.]
Car 8 UncertainEnergy: [100. 100. 100. 100. 100.   0.   0.   0.   0.   0.   0.   0.]
Car 9 UncertainEnergy: [100. 100. 100. 100. 100. 100. 100. 100. 100. 100.   0.   0.]
Car 10 UncertainEnergy: [100. 100. 100. 100. 100.   0.   0.   0.   0.   0.   0.   0.]
Car 11 UncertainEnergy: [100. 100. 100. 100. 100. 100.   0.   0.   0.   0.   0.   0.]
Car 12 UncertainEnergy: [100. 100. 100. 100.   0.   0.   0.   0.   0.   0.   0.   0.]
Car 13 UncertainEnergy: [100. 100. 100. 100. 100. 100. 100.   0.   0.   0.   0.   0.]
Car 14 UncertainEnergy: [100. 100. 100. 100. 100. 100. 100. 100. 100.   0.   0.   0.]
Car 15 UncertainEnergy: [100. 100. 100. 100. 100.   0.   0.   0.   0.   0.   0.   0.]
Car 16 UncertainEnergy: [100. 100. 100. 100.   0.   0.   0.   0.   0.   0.   0.   0.]
Car 17 UncertainEnergy: [100. 100. 100. 100. 100. 100.   0.   0.   0.   0.   0.   0.]
Car 18 UncertainEnergy: [100. 100. 100. 100. 100.   0.   0.   0.   0.   0.   0.   0.]
Car 19 UncertainEnergy: [100. 100. 100. 100. 100.   0.   0.   0.   0.   0.   0.   0.]
Car 20 UncertainEnergy: [100. 100. 100. 100. 100. 100.   0.   0.   0.   0.   0.   0.]
Car 21 UncertainEnergy: [100. 100. 100. 100. 100.   0.   0.   0.   0.   0.   0.   0.]
Car 22 UncertainEnergy: [100. 100. 100. 100. 100. 100. 100. 100. 100. 100. 100.   0.]
Car 23 UncertainEnergy: [100. 100. 100. 100. 100.   0.   0.   0.   0.   0.   0.   0.]
Car 24 UncertainEnergy: [100. 100. 100. 100. 100.   0.   0.   0.   0.   0.   0.   0.]
Car 25 UncertainEnergy: [100. 100. 100. 100. 100. 100.   0.   0.   0.   0.   0.   0.]
Car 26 UncertainEnergy: [100. 100. 100. 100. 100.   0.   0.   0.   0.   0.   0.   0.]
Car 27 UncertainEnergy: [100. 100. 100. 100. 100.   0.   0.   0.   0.   0.   0.   0.]
Car 28 UncertainEnergy: [100. 100. 100. 100. 100.   0.   0.   0.   0.   0.   0.   0.]
Car 29 UncertainEnergy: [100. 100. 100. 100. 100.   0.   0.   0.   0.   0.   0.   0.]
Car 30 UncertainEnergy: [100. 100. 100. 100. 100. 100. 100.   0.   0.   0.   0.   0.]
Car 31 UncertainEnergy: [100. 100. 100. 100. 100. 100. 100. 100. 100.   0.   0.   0.]
Car 32 UncertainEnergy: [100. 100. 100. 100. 100. 100.   0.   0.   0.   0.   0.   0.]
Car 33 UncertainEnergy: [100. 100. 100. 100. 100.   0.   0.   0.   0.   0.   0.   0.]
Car 34 UncertainEnergy: [100. 100. 100. 100. 100.   0.   0.   0.   0.   0.   0.   0.]
Car 35 UncertainEnergy: [100. 100. 100. 100. 100.   0.   0.   0.   0.   0.   0.   0.]
Car 36 UncertainEnergy: [100. 100. 100. 100. 100. 100.   0.   0.   0.   0.   0.   0.]
Car 37 UncertainEnergy: [100. 100. 100. 100. 100. 100.   0.   0.   0.   0.   0.   0.]
Car 38 UncertainEnergy: [100. 100. 100. 100. 100.   0.   0.   0.   0.   0.   0.   0.]
Car 39 UncertainEnergy: [100. 100. 100. 100. 100. 100. 100. 100. 100.   0.   0.   0.]
Car 40 UncertainEnergy: [100. 100. 100. 100. 100.   0.   0.   0.   0.   0.   0.   0.]
Car 41 UncertainEnergy: [100. 100. 100. 100. 100.   0.   0.   0.   0.   0.   0.   0.]
Car 42 UncertainEnergy: [100. 100. 100. 100. 100. 100. 100. 100.   0.   0.   0.   0.]
Car 43 UncertainEnergy: [100. 100. 100. 100. 100. 100.   0.   0.   0.   0.   0.   0.]
Car 44 UncertainEnergy: [100. 100. 100. 100.   0.   0.   0.   0.   0.   0.   0.   0.]
Car 45 UncertainEnergy: [100. 100. 100. 100. 100. 100.   0.   0.   0.   0.   0.   0.]
Car 46 UncertainEnergy: [100. 100. 100. 100. 100. 100. 100. 100. 100.   0.   0.   0.]
Car 47 UncertainEnergy: [100. 100. 100. 100. 100. 100. 100.   0.   0.   0.   0.   0.]
Car 48 UncertainEnergy: [100. 100. 100. 100.   0.   0.   0.   0.   0.   0.   0.   0.]
Car 49 UncertainEnergy: [100. 100. 100. 100. 100. 100.   0.   0.   0.   0.   0.   0.]
Car 50 UncertainEnergy: [100. 100. 100. 100. 100.   0.   0.   0.   0.   0.   0.   0.]
Car 51 UncertainEnergy: [100. 100. 100. 100. 100.   0.   0.   0.   0.   0.   0.   0.]
Car 52 UncertainEnergy: [100. 100. 100. 100.   0.   0.   0.   0.   0.   0.   0.   0.]
Car 53 UncertainEnergy: [100. 100. 100. 100. 100.   0.   0.   0.   0.   0.   0.   0.]
Car 54 UncertainEnergy: [100. 100. 100. 100. 100. 100. 100. 100. 100.   0.   0.   0.]
Car 55 UncertainEnergy: [100. 100. 100. 100. 100. 100. 100. 100.   0.   0.   0.   0.]
Car 56 UncertainEnergy: [100. 100. 100. 100. 100. 100. 100.   0.   0.   0.   0.   0.]
Car 57 UncertainEnergy: [100. 100. 100. 100. 100.   0.   0.   0.   0.   0.   0.   0.]
Car 58 UncertainEnergy: [100. 100. 100. 100. 100. 100.   0.   0.   0.   0.   0.   0.]
Car 59 UncertainEnergy: [100. 100. 100. 100. 100.   0.   0.   0.   0.   0.   0.   0.]
Car 60 UncertainEnergy: [100. 100. 100. 100. 100. 100. 100. 100. 100. 100. 100. 100.]
Car 61 UncertainEnergy: [100. 100. 100. 100. 100.   0.   0.   0.   0.   0.   0.   0.]
Car 62 UncertainEnergy: [100. 100. 100. 100. 100. 100.   0.   0.   0.   0.   0.   0.]
Car 63 UncertainEnergy: [100. 100. 100. 100. 100. 100.   0.   0.   0.   0.   0.   0.]
Car 64 UncertainEnergy: [100. 100. 100. 100. 100.   0.   0.   0.   0.   0.   0.   0.]
Car 65 UncertainEnergy: [100. 100. 100. 100. 100.   0.   0.   0.   0.   0.   0.   0.]
Car 66 UncertainEnergy: [100. 100. 100. 100. 100.   0.   0.   0.   0.   0.   0.   0.]
Car 67 UncertainEnergy: [100. 100. 100. 100. 100.   0.   0.   0.   0.   0.   0.   0.]
Car 68 UncertainEnergy: [100. 100. 100. 100. 100. 100. 100. 100.   0.   0.   0.   0.]
Car 69 UncertainEnergy: [100. 100. 100. 100. 100.   0.   0.   0.   0.   0.   0.   0.]
Car 70 UncertainEnergy: [100. 100. 100. 100. 100. 100. 100.   0.   0.   0.   0.   0.]
Car 71 UncertainEnergy: [100. 100. 100. 100. 100.   0.   0.   0.   0.   0.   0.   0.]
Car 72 UncertainEnergy: [100. 100. 100. 100. 100. 100.   0.   0.   0.   0.   0.   0.]
Car 73 UncertainEnergy: [100. 100. 100. 100.   0.   0.   0.   0.   0.   0.   0.   0.]
Car 74 UncertainEnergy: [100. 100. 100. 100. 100.   0.   0.   0.   0.   0.   0.   0.]
Car 75 UncertainEnergy: [100. 100. 100. 100. 100. 100.   0.   0.   0.   0.   0.   0.]
Car 76 UncertainEnergy: [100. 100. 100. 100.   0.   0.   0.   0.   0.   0.   0.   0.]
Car 77 UncertainEnergy: [100. 100. 100. 100.   0.   0.   0.   0.   0.   0.   0.   0.]
Car 78 UncertainEnergy: [100. 100. 100. 100. 100.   0.   0.   0.   0.   0.   0.   0.]
Car 79 UncertainEnergy: [100. 100. 100. 100. 100. 100.   0.   0.   0.   0.   0.   0.]
Car 80 UncertainEnergy: [100. 100. 100. 100. 100.   0.   0.   0.   0.   0.   0.   0.]
Car 81 UncertainEnergy: [100. 100. 100. 100. 100.   0.   0.   0.   0.   0.   0.   0.]
Car 82 UncertainEnergy: [100. 100. 100. 100. 100.   0.   0.   0.   0.   0.   0.   0.]
Car 83 UncertainEnergy: [100. 100. 100. 100. 100.   0.   0.   0.   0.   0.   0.   0.]
Car 84 UncertainEnergy: [100. 100. 100. 100. 100. 100.   0.   0.   0.   0.   0.   0.]
Car 85 UncertainEnergy: [100. 100. 100. 100. 100.   0.   0.   0.   0.   0.   0.   0.]
Car 86 UncertainEnergy: [100. 100. 100. 100. 100. 100.   0.   0.   0.   0.   0.   0.]
