Solver Type: Recursive
N: 336
Cars: 86
Clustering Method: Greedy_Method
Recharge Model: ConstantRate
Cost: 150850.2041808799
Charging Stations: []
Car 1 Trajectory Node: [  0  50 262 333 141 292 306 216  46 276 211   0]
Car 2 Trajectory Node: [  0 110 321 131   0   0   0   0   0   0   0   0]
Car 3 Trajectory Node: [  0  90  29 311 285 132 253   0   0   0   0   0]
Car 4 Trajectory Node: [  0 282  73 304  32 213  34  54 225 162   0   0]
Car 5 Trajectory Node: [  0   5 154  26 268 280  19   0   0   0   0   0]
Car 6 Trajectory Node: [  0 208  31  12  74  95   0   0   0   0   0   0]
Car 7 Trajectory Node: [  0 242 220   0   0   0   0   0   0   0   0   0]
Car 8 Trajectory Node: [  0   9 287 133   0   0   0   0   0   0   0   0]
Car 9 Trajectory Node: [  0 193  38 257 298 190 215  44 115  30  37   0]
Car 10 Trajectory Node: [  0 128  59 201 177   0   0   0   0   0   0   0]
Car 11 Trajectory Node: [  0 103 231 261  77  83 184   0   0   0   0   0]
Car 12 Trajectory Node: [  0  79 174   0   0   0   0   0   0   0   0   0]
Car 13 Trajectory Node: [  0 324 148 279 109   0   0   0   0   0   0   0]
Car 14 Trajectory Node: [  0  13  62 240   0   0   0   0   0   0   0   0]
Car 15 Trajectory Node: [  0 223 251  36 272   0   0   0   0   0   0   0]
Car 16 Trajectory Node: [  0 307 107   0   0   0   0   0   0   0   0   0]
Car 17 Trajectory Node: [  0 255 230 283  71   0   0   0   0   0   0   0]
Car 18 Trajectory Node: [  0  56 224 222   0   0   0   0   0   0   0   0]
Car 19 Trajectory Node: [  0 300  23 243   0   0   0   0   0   0   0   0]
Car 20 Trajectory Node: [  0 161 250   0   0   0   0   0   0   0   0   0]
Car 21 Trajectory Node: [  0 289  68   6 138  63   0   0   0   0   0   0]
Car 22 Trajectory Node: [  0 335 290 204 320  85   7   0   0   0   0   0]
Car 23 Trajectory Node: [  0  16 316 186 195  65 172 294 319   0   0   0]
Car 24 Trajectory Node: [  0  86 160 167 214   0   0   0   0   0   0   0]
Car 25 Trajectory Node: [  0 111 100 129  81 288   0   0   0   0   0   0]
Car 26 Trajectory Node: [  0 329  53 234   0   0   0   0   0   0   0   0]
Car 27 Trajectory Node: [  0 176   8 166   0   0   0   0   0   0   0   0]
Car 28 Trajectory Node: [  0 194 232 200 233 247  93 297 221   0   0   0]
Car 29 Trajectory Node: [  0 334  76 124   0   0   0   0   0   0   0   0]
Car 30 Trajectory Node: [  0 327 182 144   0   0   0   0   0   0   0   0]
Car 31 Trajectory Node: [  0  10  94 296   0   0   0   0   0   0   0   0]
Car 32 Trajectory Node: [  0 246 301 185 156   0   0   0   0   0   0   0]
Car 33 Trajectory Node: [  0  96  87 241   0   0   0   0   0   0   0   0]
Car 34 Trajectory Node: [  0 228 169 302 143   0   0   0   0   0   0   0]
Car 35 Trajectory Node: [  0 238 293  27  89   0   0   0   0   0   0   0]
Car 36 Trajectory Node: [  0 312 259  72   0   0   0   0   0   0   0   0]
Car 37 Trajectory Node: [  0 205   1 105  51 119 227 258   0   0   0   0]
Car 38 Trajectory Node: [  0 164  41 239 271   0   0   0   0   0   0   0]
Car 39 Trajectory Node: [  0  64 226 303   0   0   0   0   0   0   0   0]
Car 40 Trajectory Node: [  0 310 153  88   0   0   0   0   0   0   0   0]
Car 41 Trajectory Node: [  0 299  17   3   0   0   0   0   0   0   0   0]
Car 42 Trajectory Node: [  0 151 281  61 235  84   0   0   0   0   0   0]
Car 43 Trajectory Node: [  0 263 168   0   0   0   0   0   0   0   0   0]
Car 44 Trajectory Node: [  0 135  18  35   0   0   0   0   0   0   0   0]
Car 45 Trajectory Node: [  0  67 142  11 197   0   0   0   0   0   0   0]
Car 46 Trajectory Node: [ 0 80 78 69 40  0  0  0  0  0  0  0]
Car 47 Trajectory Node: [  0  24  20 113   0   0   0   0   0   0   0   0]
Car 48 Trajectory Node: [  0 112 305   0   0   0   0   0   0   0   0   0]
Car 49 Trajectory Node: [  0 178 203 145 147   0   0   0   0   0   0   0]
Car 50 Trajectory Node: [  0 126 256 318   0   0   0   0   0   0   0   0]
Car 51 Trajectory Node: [  0 210 295 140   0   0   0   0   0   0   0   0]
Car 52 Trajectory Node: [  0 189 136   0   0   0   0   0   0   0   0   0]
Car 53 Trajectory Node: [  0  99 188  43   0   0   0   0   0   0   0   0]
Car 54 Trajectory Node: [  0 118 269 139 331  33  25  47 266   0   0   0]
Car 55 Trajectory Node: [  0 108 123 173 101 322 120 332   0   0   0   0]
Car 56 Trajectory Node: [  0  49 309  39   0   0   0   0   0   0   0   0]
Car 57 Trajectory Node: [  0 314  55 330   0   0   0   0   0   0   0   0]
Car 58 Trajectory Node: [  0  57  82 152   0   0   0   0   0   0   0   0]
Car 59 Trajectory Node: [  0 273 267 196   0   0   0   0   0   0   0   0]
Car 60 Trajectory Node: [  0 236 191 278   0   0   0   0   0   0   0   0]
Car 61 Trajectory Node: [  0 315 114 326   0   0   0   0   0   0   0   0]
Car 62 Trajectory Node: [  0 254 165 146 157   0   0   0   0   0   0   0]
Car 63 Trajectory Node: [  0 117 137 291   0   0   0   0   0   0   0   0]
Car 64 Trajectory Node: [  0 150  98   0   0   0   0   0   0   0   0   0]
Car 65 Trajectory Node: [  0   2 199 323   0   0   0   0   0   0   0   0]
Car 66 Trajectory Node: [  0 328 134 260   0   0   0   0   0   0   0   0]
Car 67 Trajectory Node: [  0 317 218  92   0   0   0   0   0   0   0   0]
Car 68 Trajectory Node: [  0  45  60 308   4 187   0   0   0   0   0   0]
Car 69 Trajectory Node: [  0 175 155 252   0   0   0   0   0   0   0   0]
Car 70 Trajectory Node: [  0 325 207 198  66   0   0   0   0   0   0   0]
Car 71 Trajectory Node: [  0 249 158 275   0   0   0   0   0   0   0   0]
Car 72 Trajectory Node: [  0 212  91 179   0   0   0   0   0   0   0   0]
Car 73 Trajectory Node: [  0 237 183   0   0   0   0   0   0   0   0   0]
Car 74 Trajectory Node: [  0 163 219 104  48   0   0   0   0   0   0   0]
Car 75 Trajectory Node: [  0 192 229 274 277 149  75   0   0   0   0   0]
Car 76 Trajectory Node: [  0  28 171   0   0   0   0   0   0   0   0   0]
Car 77 Trajectory Node: [  0 102 130   0   0   0   0   0   0   0   0   0]
Car 78 Trajectory Node: [  0 127 206 180  58 217  15   0   0   0   0   0]
Car 79 Trajectory Node: [  0 265  97 181   0   0   0   0   0   0   0   0]
Car 80 Trajectory Node: [  0 159  22 125   0   0   0   0   0   0   0   0]
Car 81 Trajectory Node: [  0 286 170 116   0   0   0   0   0   0   0   0]
Car 82 Trajectory Node: [  0 121  52 106   0   0   0   0   0   0   0   0]
Car 83 Trajectory Node: [  0 284  42  21   0   0   0   0   0   0   0   0]
Car 84 Trajectory Node: [  0 270 245 209   0   0   0   0   0   0   0   0]
Car 85 Trajectory Node: [  0  70 202 244 248   0   0   0   0   0   0   0]
Car 86 Trajectory Node: [  0  14 313 264 122   0   0   0   0   0   0   0]
Car 1 Time: [   0.          802.64188777  893.91072144  921.36978188  956.59761178
  964.65986953 1024.14095896 1120.04194957 1188.51822284 1329.93957907
 1364.72463334 2145.55496062]
Car 2 Time: [   0.         1108.00722019 1171.03895823 1194.57616282 2358.74324705
    0.            0.            0.            0.            0.
    0.            0.        ]
Car 3 Time: [   0.          622.47570234  774.33089652  827.86593178  850.06953509
  902.53857358  948.67966156 1710.97160038    0.            0.
    0.            0.        ]
Car 4 Time: [   0.          804.80680912  869.81450097  879.66335877  911.28613537
 1001.95586571 1055.71458594 1072.1158054  1086.5380105  1179.91895074
 2021.32075725    0.        ]
Car 5 Time: [   0.          534.24806972  576.44996541  691.20622886  698.41733141
  833.56539836  994.79194704 1573.65289753    0.            0.
    0.            0.        ]
Car 6 Time: [   0.          989.97828259 1051.37860832 1136.75424888 1219.24667277
 1296.35049888 2417.65331257    0.            0.            0.
    0.            0.        ]
Car 7 Time: [  0.         269.00743484 304.17844563 604.71130573   0.
   0.           0.           0.           0.           0.
   0.           0.        ]
Car 8 Time: [   0.          880.41183545  936.38504333 1008.66228732 1977.17867851
    0.            0.            0.            0.            0.
    0.            0.        ]
Car 9 Time: [   0.          810.93156308  860.12505859  893.2309493   961.11320029
 1036.27968219 1084.03949793 1135.02969307 1152.74973821 1197.03291786
 1202.03291786 2130.2963503 ]
Car 10 Time: [   0.          620.72538211  733.26426428  768.26426428  809.85753297
 1493.54459589    0.            0.            0.            0.
    0.            0.        ]
Car 11 Time: [   0.          432.7135311   547.25609961  565.69518852  588.0558683
  656.08527371  740.30522384 1204.58961944    0.            0.
    0.            0.        ]
Car 12 Time: [   0.         1399.39451192 1416.88736761 2820.51587971    0.
    0.            0.            0.            0.            0.
    0.            0.        ]
Car 13 Time: [   0.          749.2749829   850.59131919  895.60242893  925.13207505
 1713.17395211    0.            0.            0.            0.
    0.            0.        ]
Car 14 Time: [   0.          635.88835498  704.95354158  891.1255051  1779.25612612
    0.            0.            0.            0.            0.
    0.            0.        ]
Car 15 Time: [   0.          380.2959374   434.49925833  662.5014513   714.36666122
 1232.74297241    0.            0.            0.            0.
    0.            0.        ]
Car 16 Time: [   0.          966.17286238  987.19665842 1969.34939603    0.
    0.            0.            0.            0.            0.
    0.            0.        ]
Car 17 Time: [   0.         1000.52236357 1091.52236357 1211.95491731 1264.90772649
 2355.31774111    0.            0.            0.            0.
    0.            0.        ]
Car 18 Time: [  0.         335.03581898 389.74413645 448.0536554  821.35514213
   0.           0.           0.           0.           0.
   0.           0.        ]
Car 19 Time: [   0.          438.81886924  479.92847882  667.14493109 1283.79556151
    0.            0.            0.            0.            0.
    0.            0.        ]
Car 20 Time: [   0.         1137.08618847 1197.75743371 2388.92660726    0.
    0.            0.            0.            0.            0.
    0.            0.        ]
Car 21 Time: [   0.          584.14381791  619.02934499  629.4696515   682.08143725
  702.69696538 1363.06428741    0.            0.            0.
    0.            0.        ]
Car 22 Time: [   0.          791.84152455  820.01953016  872.02914465  886.45134975
 1065.39268092 1227.99649391 2071.39912611    0.            0.
    0.            0.        ]
Car 23 Time: [   0.          508.81529065  968.86094056 1041.86778955 1099.25245649
 1112.853927   1136.62365565 1165.08415459 1179.95022334 2049.53920671
    0.            0.        ]
Car 24 Time: [   0.          968.65370489 1141.33259764 1158.361984   1322.52044404
 2325.78411825    0.            0.            0.            0.
    0.            0.        ]
Car 25 Time: [   0.          749.47715109  785.72628901  933.23900032  979.76856082
 1099.52247516 1864.17795314    0.            0.            0.
    0.            0.        ]
Car 26 Time: [   0.         1164.06614932 1242.81257781 1312.70535283 2486.84759294
    0.            0.            0.            0.            0.
    0.            0.        ]
Car 27 Time: [   0.          258.49177937  650.24297592 1027.47765089 1299.92030541
    0.            0.            0.            0.            0.
    0.            0.        ]
Car 28 Time: [   0.          847.23845522  915.64898072  980.03065514 1039.25902671
 1146.96232286 1246.36554212 1277.04126542 1284.25236797 2139.17926543
    0.            0.        ]
Car 29 Time: [  0.         205.78872661 321.96962005 377.19642513 647.18346186
   0.           0.           0.           0.           0.
   0.           0.        ]
Car 30 Time: [   0.         1189.62599165 1205.75050714 1237.8908245  2457.70925361
    0.            0.            0.            0.            0.
    0.            0.        ]
Car 31 Time: [  0.         261.39625093 322.79657666 352.76322479 645.59081912
   0.           0.           0.           0.           0.
   0.           0.        ]
Car 32 Time: [   0.          739.09742254  846.95380853  902.75703425  985.24945814
 1804.44479504    0.            0.            0.            0.
    0.            0.        ]
Car 33 Time: [   0.          267.37987957  309.92397434  604.21804496 1207.09863015
    0.            0.            0.            0.            0.
    0.            0.        ]
Car 34 Time: [   0.          989.72824553 1014.32499328 1086.94041864 1317.29883503
 2368.79158346    0.            0.            0.            0.
    0.            0.        ]
Car 35 Time: [   0.          960.46863561 1018.52033671 1176.67532398 1245.08584949
 2263.31421287    0.            0.            0.            0.
    0.            0.        ]
Car 36 Time: [   0.          355.30831682  452.32893318  564.62318949 1036.4843979
    0.            0.            0.            0.            0.
    0.            0.        ]
Car 37 Time: [   0.          765.20585466  782.23524102  909.64795624  936.04871381
 1008.24982183 1040.80746302 1142.40470708 2002.89991334    0.
    0.            0.        ]
Car 38 Time: [   0.          651.95858764  816.4730247   937.6216937  1008.50187428
 1702.84616928    0.            0.            0.            0.
    0.            0.        ]
Car 39 Time: [   0.          392.7709256   479.53497346  624.6590583  1199.09095156
    0.            0.            0.            0.            0.
    0.            0.        ]
Car 40 Time: [   0.         1214.84813866 1316.02619952 1461.19506671 2678.85224342
    0.            0.            0.            0.            0.
    0.            0.        ]
Car 41 Time: [   0.          285.39446386  318.93548352  793.20544883 1585.22123151
    0.            0.            0.            0.            0.
    0.            0.        ]
Car 42 Time: [   0.          984.46381345 1059.41046114 1083.01130859 1190.01130859
 1217.52494157 2370.81631846    0.            0.            0.
    0.            0.        ]
Car 43 Time: [  0.          75.45197148 190.768926   351.5700454    0.
   0.           0.           0.           0.           0.
   0.           0.        ]
Car 44 Time: [   0.          730.77082591  859.33209535  875.14348365 1692.60296277
    0.            0.            0.            0.            0.
    0.            0.        ]
Car 45 Time: [   0.          417.56676113  474.95142807  712.4256372   741.63180093
 1433.10269692    0.            0.            0.            0.
    0.            0.        ]
Car 46 Time: [   0.          597.85031571  816.81149949  982.05677174 1042.26474463
 1721.4466054     0.            0.            0.            0.
    0.            0.        ]
Car 47 Time: [   0.          973.5255518  1044.70139039 1212.99874628 2304.2961393
    0.            0.            0.            0.            0.
    0.            0.        ]
Car 48 Time: [  0.          50.11985634  95.03087949 184.30013512   0.
   0.           0.           0.           0.           0.
   0.           0.        ]
Car 49 Time: [   0.          988.97573277 1051.34559728 1205.89332454 1243.53638499
 2371.27793339    0.            0.            0.            0.
    0.            0.        ]
Car 50 Time: [   0.         1206.78498499 1239.23494647 1298.77484906 2535.26827807
    0.            0.            0.            0.            0.
    0.            0.        ]
Car 51 Time: [   0.          187.92019583  584.77281331  921.65558223 1169.78458094
    0.            0.            0.            0.            0.
    0.            0.        ]
Car 52 Time: [   0.         1267.32789759 1281.32789759 2559.49064153    0.
    0.            0.            0.            0.            0.
    0.            0.        ]
Car 53 Time: [   0.          408.94987468  460.57351268  844.55918949 1585.11303628
    0.            0.            0.            0.            0.
    0.            0.        ]
Car 54 Time: [   0.          635.47226533  691.37396476  734.94000659  787.2850159
  901.72277191  951.12924921 1013.29837338 1030.41561615 1686.50478692
    0.            0.        ]
Car 55 Time: [   0.          498.22986663  739.7997323   820.82441989  883.0899802
  944.8070767   962.83483307 1232.30839393 1749.14976224    0.
    0.            0.        ]
Car 56 Time: [   0.          999.64893838 1145.94316246 1255.49680229 2342.93875476
    0.            0.            0.            0.            0.
    0.            0.        ]
Car 57 Time: [  0.         265.2395144  281.518335   290.73787945 580.98260378
   0.           0.           0.           0.           0.
   0.           0.        ]
Car 58 Time: [   0.          919.23555197  958.69439128 1082.53703337 2005.37179648
    0.            0.            0.            0.            0.
    0.            0.        ]
Car 59 Time: [   0.          960.61646873 1279.95641299 1414.90825626 2506.92016095
    0.            0.            0.            0.            0.
    0.            0.        ]
Car 60 Time: [   0.          903.20374224 1001.43815576 1033.88811724 1978.12219839
    0.            0.            0.            0.            0.
    0.            0.        ]
Car 61 Time: [   0.          439.05580511  586.35482072  797.64135602 1261.31473244
    0.            0.            0.            0.            0.
    0.            0.        ]
Car 62 Time: [   0.          389.01156795  630.12979621  727.62338575  911.10362991
 1410.563338      0.            0.            0.            0.
    0.            0.        ]
Car 63 Time: [   0.         1043.24349986 1068.08298456 1128.01628081 2178.83120267
    0.            0.            0.            0.            0.
    0.            0.        ]
Car 64 Time: [   0.         1184.365653   1196.40724758 2388.52678856    0.
    0.            0.            0.            0.            0.
    0.            0.        ]
Car 65 Time: [  0.         231.7671245  393.29111653 477.81921836 809.67008849
   0.           0.           0.           0.           0.
   0.           0.        ]
Car 66 Time: [   0.         1044.15324546 1241.23698401 1394.09312552 2500.36117622
    0.            0.            0.            0.            0.
    0.            0.        ]
Car 67 Time: [   0.          502.11751613  609.01934024  681.08875123 1310.68544754
    0.            0.            0.            0.            0.
    0.            0.        ]
Car 68 Time: [   0.          754.27448585  786.10214677  788.33821475  832.99244187
  918.01596803 1806.62443074    0.            0.            0.
    0.            0.        ]
Car 69 Time: [   0.         1249.7591768  1417.11807259 1481.96404394 2769.20916434
    0.            0.            0.            0.            0.
    0.            0.        ]
Car 70 Time: [   0.          381.5887839   395.51717218  721.71496494  789.8325104
 1432.9102662     0.            0.            0.            0.
    0.            0.        ]
Car 71 Time: [   0.         1019.17711905 1087.1844716  1358.67111952 2393.41649883
    0.            0.            0.            0.            0.
    0.            0.        ]
Car 72 Time: [   0.          897.98552327  939.8543661  1248.86083852 2189.52974946
    0.            0.            0.            0.            0.
    0.            0.        ]
Car 73 Time: [  0.         128.94960256 176.07708923 308.26256498   0.
   0.           0.           0.           0.           0.
   0.           0.        ]
Car 74 Time: [   0.          978.80028606 1063.0202362  1270.63767284 1350.39981925
 2466.9489673     0.            0.            0.            0.
    0.            0.        ]
Car 75 Time: [   0.          727.04401517  798.05105708  861.01930304  916.19175994
  993.81263342 1042.08270697 1766.76815597    0.            0.
    0.            0.        ]
Car 76 Time: [   0.         1113.90888317 1138.96881134 2260.67510088    0.
    0.            0.            0.            0.            0.
    0.            0.        ]
Car 77 Time: [  0.         405.56380509 492.48906034 902.81819652   0.
   0.           0.           0.           0.           0.
   0.           0.        ]
Car 78 Time: [   0.          655.14960124  789.07868695  866.0007254   902.23606727
 1036.64216832 1171.26014632 1923.9200961     0.            0.
    0.            0.        ]
Car 79 Time: [   0.          307.61014288  535.48949692  744.89341283 1064.81371541
    0.            0.            0.            0.            0.
    0.            0.        ]
Car 80 Time: [   0.          913.61260937  934.872901    954.97265224 1879.00728362
    0.            0.            0.            0.            0.
    0.            0.        ]
Car 81 Time: [  0.         137.76792079 205.92215764 287.32240334 449.25140013
   0.           0.           0.           0.           0.
   0.           0.        ]
Car 82 Time: [   0.         1262.96991255 1307.61294112 1316.55721303 2608.25686852
    0.            0.            0.            0.            0.
    0.            0.        ]
Car 83 Time: [   0.          390.59057848  524.32539071  608.6402767  1122.79297775
    0.            0.            0.            0.            0.
    0.            0.        ]
Car 84 Time: [   0.          856.83195552  984.97640526 1161.00197159 2045.55213975
    0.            0.            0.            0.            0.
    0.            0.        ]
Car 85 Time: [   0.          813.90417126  937.33836426  978.38711576 1081.27054494
 2070.00812388    0.            0.            0.            0.
    0.            0.        ]
Car 86 Time: [   0.          411.01338178  546.54566575  627.84757225  761.98183335
 1198.33604726    0.            0.            0.            0.
    0.            0.        ]
Car 1 Energy: [100. 100. 100. 100. 100. 100. 100. 100. 100. 100. 100. 100.]
Car 2 Energy: [100. 100. 100. 100. 100.   0.   0.   0.   0.   0.   0.   0.]
Car 3 Energy: [100. 100. 100. 100. 100. 100. 100. 100.   0.   0.   0.   0.]
Car 4 Energy: [100. 100. 100. 100. 100. 100. 100. 100. 100. 100. 100.   0.]
Car 5 Energy: [100. 100. 100. 100. 100. 100. 100. 100.   0.   0.   0.   0.]
Car 6 Energy: [100. 100. 100. 100. 100. 100. 100.   0.   0.   0.   0.   0.]
Car 7 Energy: [100. 100. 100. 100.   0.   0.   0.   0.   0.   0.   0.   0.]
Car 8 Energy: [100. 100. 100. 100. 100.   0.   0.   0.   0.   0.   0.   0.]
Car 9 Energy: [100. 100. 100. 100. 100. 100. 100. 100. 100. 100. 100. 100.]
Car 10 Energy: [100. 100. 100. 100. 100. 100.   0.   0.   0.   0.   0.   0.]
Car 11 Energy: [100. 100. 100. 100. 100. 100. 100. 100.   0.   0.   0.   0.]
Car 12 Energy: [100. 100. 100. 100.   0.   0.   0.   0.   0.   0.   0.   0.]
Car 13 Energy: [100. 100. 100. 100. 100. 100.   0.   0.   0.   0.   0.   0.]
Car 14 Energy: [100. 100. 100. 100. 100.   0.   0.   0.   0.   0.   0.   0.]
Car 15 Energy: [100. 100. 100. 100. 100. 100.   0.   0.   0.   0.   0.   0.]
Car 16 Energy: [100. 100. 100. 100.   0.   0.   0.   0.   0.   0.   0.   0.]
Car 17 Energy: [100. 100. 100. 100. 100. 100.   0.   0.   0.   0.   0.   0.]
Car 18 Energy: [100. 100. 100. 100. 100.   0.   0.   0.   0.   0.   0.   0.]
Car 19 Energy: [100. 100. 100. 100. 100.   0.   0.   0.   0.   0.   0.   0.]
Car 20 Energy: [100. 100. 100. 100.   0.   0.   0.   0.   0.   0.   0.   0.]
Car 21 Energy: [100. 100. 100. 100. 100. 100. 100.   0.   0.   0.   0.   0.]
Car 22 Energy: [100. 100. 100. 100. 100. 100. 100. 100.   0.   0.   0.   0.]
Car 23 Energy: [100. 100. 100. 100. 100. 100. 100. 100. 100. 100.   0.   0.]
Car 24 Energy: [100. 100. 100. 100. 100. 100.   0.   0.   0.   0.   0.   0.]
Car 25 Energy: [100. 100. 100. 100. 100. 100. 100.   0.   0.   0.   0.   0.]
Car 26 Energy: [100. 100. 100. 100. 100.   0.   0.   0.   0.   0.   0.   0.]
Car 27 Energy: [100. 100. 100. 100. 100.   0.   0.   0.   0.   0.   0.   0.]
Car 28 Energy: [100. 100. 100. 100. 100. 100. 100. 100. 100. 100.   0.   0.]
Car 29 Energy: [100. 100. 100. 100. 100.   0.   0.   0.   0.   0.   0.   0.]
Car 30 Energy: [100. 100. 100. 100. 100.   0.   0.   0.   0.   0.   0.   0.]
Car 31 Energy: [100. 100. 100. 100. 100.   0.   0.   0.   0.   0.   0.   0.]
Car 32 Energy: [100. 100. 100. 100. 100. 100.   0.   0.   0.   0.   0.   0.]
Car 33 Energy: [100. 100. 100. 100. 100.   0.   0.   0.   0.   0.   0.   0.]
Car 34 Energy: [100. 100. 100. 100. 100. 100.   0.   0.   0.   0.   0.   0.]
Car 35 Energy: [100. 100. 100. 100. 100. 100.   0.   0.   0.   0.   0.   0.]
Car 36 Energy: [100. 100. 100. 100. 100.   0.   0.   0.   0.   0.   0.   0.]
Car 37 Energy: [100. 100. 100. 100. 100. 100. 100. 100. 100.   0.   0.   0.]
Car 38 Energy: [100. 100. 100. 100. 100. 100.   0.   0.   0.   0.   0.   0.]
Car 39 Energy: [100. 100. 100. 100. 100.   0.   0.   0.   0.   0.   0.   0.]
Car 40 Energy: [100. 100. 100. 100. 100.   0.   0.   0.   0.   0.   0.   0.]
Car 41 Energy: [100. 100. 100. 100. 100.   0.   0.   0.   0.   0.   0.   0.]
Car 42 Energy: [100. 100. 100. 100. 100. 100. 100.   0.   0.   0.   0.   0.]
Car 43 Energy: [100. 100. 100. 100.   0.   0.   0.   0.   0.   0.   0.   0.]
Car 44 Energy: [100. 100. 100. 100. 100.   0.   0.   0.   0.   0.   0.   0.]
Car 45 Energy: [100. 100. 100. 100. 100. 100.   0.   0.   0.   0.   0.   0.]
Car 46 Energy: [100. 100. 100. 100. 100. 100.   0.   0.   0.   0.   0.   0.]
Car 47 Energy: [100. 100. 100. 100. 100.   0.   0.   0.   0.   0.   0.   0.]
Car 48 Energy: [100. 100. 100. 100.   0.   0.   0.   0.   0.   0.   0.   0.]
Car 49 Energy: [100. 100. 100. 100. 100. 100.   0.   0.   0.   0.   0.   0.]
Car 50 Energy: [100. 100. 100. 100. 100.   0.   0.   0.   0.   0.   0.   0.]
Car 51 Energy: [100. 100. 100. 100. 100.   0.   0.   0.   0.   0.   0.   0.]
Car 52 Energy: [100. 100. 100. 100.   0.   0.   0.   0.   0.   0.   0.   0.]
Car 53 Energy: [100. 100. 100. 100. 100.   0.   0.   0.   0.   0.   0.   0.]
Car 54 Energy: [100. 100. 100. 100. 100. 100. 100. 100. 100. 100.   0.   0.]
Car 55 Energy: [100. 100. 100. 100. 100. 100. 100. 100. 100.   0.   0.   0.]
Car 56 Energy: [100. 100. 100. 100. 100.   0.   0.   0.   0.   0.   0.   0.]
Car 57 Energy: [100. 100. 100. 100. 100.   0.   0.   0.   0.   0.   0.   0.]
Car 58 Energy: [100. 100. 100. 100. 100.   0.   0.   0.   0.   0.   0.   0.]
Car 59 Energy: [100. 100. 100. 100. 100.   0.   0.   0.   0.   0.   0.   0.]
Car 60 Energy: [100. 100. 100. 100. 100.   0.   0.   0.   0.   0.   0.   0.]
Car 61 Energy: [100. 100. 100. 100. 100.   0.   0.   0.   0.   0.   0.   0.]
Car 62 Energy: [100. 100. 100. 100. 100. 100.   0.   0.   0.   0.   0.   0.]
Car 63 Energy: [100. 100. 100. 100. 100.   0.   0.   0.   0.   0.   0.   0.]
Car 64 Energy: [100. 100. 100. 100.   0.   0.   0.   0.   0.   0.   0.   0.]
Car 65 Energy: [100. 100. 100. 100. 100.   0.   0.   0.   0.   0.   0.   0.]
Car 66 Energy: [100. 100. 100. 100. 100.   0.   0.   0.   0.   0.   0.   0.]
Car 67 Energy: [100. 100. 100. 100. 100.   0.   0.   0.   0.   0.   0.   0.]
Car 68 Energy: [100. 100. 100. 100. 100. 100. 100.   0.   0.   0.   0.   0.]
Car 69 Energy: [100. 100. 100. 100. 100.   0.   0.   0.   0.   0.   0.   0.]
Car 70 Energy: [100. 100. 100. 100. 100. 100.   0.   0.   0.   0.   0.   0.]
Car 71 Energy: [100. 100. 100. 100. 100.   0.   0.   0.   0.   0.   0.   0.]
Car 72 Energy: [100. 100. 100. 100. 100.   0.   0.   0.   0.   0.   0.   0.]
Car 73 Energy: [100. 100. 100. 100.   0.   0.   0.   0.   0.   0.   0.   0.]
Car 74 Energy: [100. 100. 100. 100. 100. 100.   0.   0.   0.   0.   0.   0.]
Car 75 Energy: [100. 100. 100. 100. 100. 100. 100. 100.   0.   0.   0.   0.]
Car 76 Energy: [100. 100. 100. 100.   0.   0.   0.   0.   0.   0.   0.   0.]
Car 77 Energy: [100. 100. 100. 100.   0.   0.   0.   0.   0.   0.   0.   0.]
Car 78 Energy: [100. 100. 100. 100. 100. 100. 100. 100.   0.   0.   0.   0.]
Car 79 Energy: [100. 100. 100. 100. 100.   0.   0.   0.   0.   0.   0.   0.]
Car 80 Energy: [100. 100. 100. 100. 100.   0.   0.   0.   0.   0.   0.   0.]
Car 81 Energy: [100. 100. 100. 100. 100.   0.   0.   0.   0.   0.   0.   0.]
Car 82 Energy: [100. 100. 100. 100. 100.   0.   0.   0.   0.   0.   0.   0.]
Car 83 Energy: [100. 100. 100. 100. 100.   0.   0.   0.   0.   0.   0.   0.]
Car 84 Energy: [100. 100. 100. 100. 100.   0.   0.   0.   0.   0.   0.   0.]
Car 85 Energy: [100. 100. 100. 100. 100. 100.   0.   0.   0.   0.   0.   0.]
Car 86 Energy: [100. 100. 100. 100. 100. 100.   0.   0.   0.   0.   0.   0.]
Car 1 Uncertain Time: [   0.          802.64188777  893.91072144  921.36978188  956.59761178
  964.65986953 1024.14095896 1120.04194957 1188.51822284 1329.93957907
 1364.72463334 2145.55496062]
Car 2 Uncertain Time: [   0.         1108.00722019 1171.03895823 1194.57616282 2358.74324705
    0.            0.            0.            0.            0.
    0.            0.        ]
Car 3 Uncertain Time: [   0.          622.47570234  774.33089652  827.86593178  850.06953509
  902.53857358  948.67966156 1710.97160038    0.            0.
    0.            0.        ]
Car 4 Uncertain Time: [   0.          804.80680912  869.81450097  879.66335877  911.28613537
 1001.95586571 1055.71458594 1072.1158054  1086.5380105  1179.91895074
 2021.32075725    0.        ]
Car 5 Uncertain Time: [   0.          534.24806972  576.44996541  691.20622886  698.41733141
  833.56539836  994.79194704 1573.65289753    0.            0.
    0.            0.        ]
Car 6 Uncertain Time: [   0.          989.97828259 1051.37860832 1136.75424888 1219.24667277
 1296.35049888 2417.65331257    0.            0.            0.
    0.            0.        ]
Car 7 Uncertain Time: [  0.         269.00743484 304.17844563 604.71130573   0.
   0.           0.           0.           0.           0.
   0.           0.        ]
Car 8 Uncertain Time: [   0.          880.41183545  936.38504333 1008.66228732 1977.17867851
    0.            0.            0.            0.            0.
    0.            0.        ]
Car 9 Uncertain Time: [   0.          810.93156308  860.12505859  893.2309493   961.11320029
 1036.27968219 1084.03949793 1135.02969307 1152.74973821 1197.03291786
 1202.03291786 2130.2963503 ]
Car 10 Uncertain Time: [   0.          620.72538211  733.26426428  768.26426428  809.85753297
 1493.54459589    0.            0.            0.            0.
    0.            0.        ]
Car 11 Uncertain Time: [   0.          432.7135311   547.25609961  565.69518852  588.0558683
  656.08527371  740.30522384 1204.58961944    0.            0.
    0.            0.        ]
Car 12 Uncertain Time: [   0.         1399.39451192 1416.88736761 2820.51587971    0.
    0.            0.            0.            0.            0.
    0.            0.        ]
Car 13 Uncertain Time: [   0.          749.2749829   850.59131919  895.60242893  925.13207505
 1713.17395211    0.            0.            0.            0.
    0.            0.        ]
Car 14 Uncertain Time: [   0.          635.88835498  704.95354158  891.1255051  1779.25612612
    0.            0.            0.            0.            0.
    0.            0.        ]
Car 15 Uncertain Time: [   0.          380.2959374   434.49925833  662.5014513   714.36666122
 1232.74297241    0.            0.            0.            0.
    0.            0.        ]
Car 16 Uncertain Time: [   0.          966.17286238  987.19665842 1969.34939603    0.
    0.            0.            0.            0.            0.
    0.            0.        ]
Car 17 Uncertain Time: [   0.         1000.52236357 1091.52236357 1211.95491731 1264.90772649
 2355.31774111    0.            0.            0.            0.
    0.            0.        ]
Car 18 Uncertain Time: [  0.         335.03581898 389.74413645 448.0536554  821.35514213
   0.           0.           0.           0.           0.
   0.           0.        ]
Car 19 Uncertain Time: [   0.          438.81886924  479.92847882  667.14493109 1283.79556151
    0.            0.            0.            0.            0.
    0.            0.        ]
Car 20 Uncertain Time: [   0.         1137.08618847 1197.75743371 2388.92660726    0.
    0.            0.            0.            0.            0.
    0.            0.        ]
Car 21 Uncertain Time: [   0.          584.14381791  619.02934499  629.4696515   682.08143725
  702.69696538 1363.06428741    0.            0.            0.
    0.            0.        ]
Car 22 Uncertain Time: [   0.          791.84152455  820.01953016  872.02914465  886.45134975
 1065.39268092 1227.99649391 2071.39912611    0.            0.
    0.            0.        ]
Car 23 Uncertain Time: [   0.          508.81529065  968.86094056 1041.86778955 1099.25245649
 1112.853927   1136.62365565 1165.08415459 1179.95022334 2049.53920671
    0.            0.        ]
Car 24 Uncertain Time: [   0.          968.65370489 1141.33259764 1158.361984   1322.52044404
 2325.78411825    0.            0.            0.            0.
    0.            0.        ]
Car 25 Uncertain Time: [   0.          749.47715109  785.72628901  933.23900032  979.76856082
 1099.52247516 1864.17795314    0.            0.            0.
    0.            0.        ]
Car 26 Uncertain Time: [   0.         1164.06614932 1242.81257781 1312.70535283 2486.84759294
    0.            0.            0.            0.            0.
    0.            0.        ]
Car 27 Uncertain Time: [   0.          258.49177937  650.24297592 1027.47765089 1299.92030541
    0.            0.            0.            0.            0.
    0.            0.        ]
Car 28 Uncertain Time: [   0.          847.23845522  915.64898072  980.03065514 1039.25902671
 1146.96232286 1246.36554212 1277.04126542 1284.25236797 2139.17926543
    0.            0.        ]
Car 29 Uncertain Time: [  0.         205.78872661 321.96962005 377.19642513 647.18346186
   0.           0.           0.           0.           0.
   0.           0.        ]
Car 30 Uncertain Time: [   0.         1189.62599165 1205.75050714 1237.8908245  2457.70925361
    0.            0.            0.            0.            0.
    0.            0.        ]
Car 31 Uncertain Time: [  0.         261.39625093 322.79657666 352.76322479 645.59081912
   0.           0.           0.           0.           0.
   0.           0.        ]
Car 32 Uncertain Time: [   0.          739.09742254  846.95380853  902.75703425  985.24945814
 1804.44479504    0.            0.            0.            0.
    0.            0.        ]
Car 33 Uncertain Time: [   0.          267.37987957  309.92397434  604.21804496 1207.09863015
    0.            0.            0.            0.            0.
    0.            0.        ]
Car 34 Uncertain Time: [   0.          989.72824553 1014.32499328 1086.94041864 1317.29883503
 2368.79158346    0.            0.            0.            0.
    0.            0.        ]
Car 35 Uncertain Time: [   0.          960.46863561 1018.52033671 1176.67532398 1245.08584949
 2263.31421287    0.            0.            0.            0.
    0.            0.        ]
Car 36 Uncertain Time: [   0.          355.30831682  452.32893318  564.62318949 1036.4843979
    0.            0.            0.            0.            0.
    0.            0.        ]
Car 37 Uncertain Time: [   0.          765.20585466  782.23524102  909.64795624  936.04871381
 1008.24982183 1040.80746302 1142.40470708 2002.89991334    0.
    0.            0.        ]
Car 38 Uncertain Time: [   0.          651.95858764  816.4730247   937.6216937  1008.50187428
 1702.84616928    0.            0.            0.            0.
    0.            0.        ]
Car 39 Uncertain Time: [   0.          392.7709256   479.53497346  624.6590583  1199.09095156
    0.            0.            0.            0.            0.
    0.            0.        ]
Car 40 Uncertain Time: [   0.         1214.84813866 1316.02619952 1461.19506671 2678.85224342
    0.            0.            0.            0.            0.
    0.            0.        ]
Car 41 Uncertain Time: [   0.          285.39446386  318.93548352  793.20544883 1585.22123151
    0.            0.            0.            0.            0.
    0.            0.        ]
Car 42 Uncertain Time: [   0.          984.46381345 1059.41046114 1083.01130859 1190.01130859
 1217.52494157 2370.81631846    0.            0.            0.
    0.            0.        ]
Car 43 Uncertain Time: [  0.          75.45197148 190.768926   351.5700454    0.
   0.           0.           0.           0.           0.
   0.           0.        ]
Car 44 Uncertain Time: [   0.          730.77082591  859.33209535  875.14348365 1692.60296277
    0.            0.            0.            0.            0.
    0.            0.        ]
Car 45 Uncertain Time: [   0.          417.56676113  474.95142807  712.4256372   741.63180093
 1433.10269692    0.            0.            0.            0.
    0.            0.        ]
Car 46 Uncertain Time: [   0.          597.85031571  816.81149949  982.05677174 1042.26474463
 1721.4466054     0.            0.            0.            0.
    0.            0.        ]
Car 47 Uncertain Time: [   0.          973.5255518  1044.70139039 1212.99874628 2304.2961393
    0.            0.            0.            0.            0.
    0.            0.        ]
Car 48 Uncertain Time: [  0.          50.11985634  95.03087949 184.30013512   0.
   0.           0.           0.           0.           0.
   0.           0.        ]
Car 49 Uncertain Time: [   0.          988.97573277 1051.34559728 1205.89332454 1243.53638499
 2371.27793339    0.            0.            0.            0.
    0.            0.        ]
Car 50 Uncertain Time: [   0.         1206.78498499 1239.23494647 1298.77484906 2535.26827807
    0.            0.            0.            0.            0.
    0.            0.        ]
Car 51 Uncertain Time: [   0.          187.92019583  584.77281331  921.65558223 1169.78458094
    0.            0.            0.            0.            0.
    0.            0.        ]
Car 52 Uncertain Time: [   0.         1267.32789759 1281.32789759 2559.49064153    0.
    0.            0.            0.            0.            0.
    0.            0.        ]
Car 53 Uncertain Time: [   0.          408.94987468  460.57351268  844.55918949 1585.11303628
    0.            0.            0.            0.            0.
    0.            0.        ]
Car 54 Uncertain Time: [   0.          635.47226533  691.37396476  734.94000659  787.2850159
  901.72277191  951.12924921 1013.29837338 1030.41561615 1686.50478692
    0.            0.        ]
Car 55 Uncertain Time: [   0.          498.22986663  739.7997323   820.82441989  883.0899802
  944.8070767   962.83483307 1232.30839393 1749.14976224    0.
    0.            0.        ]
Car 56 Uncertain Time: [   0.          999.64893838 1145.94316246 1255.49680229 2342.93875476
    0.            0.            0.            0.            0.
    0.            0.        ]
Car 57 Uncertain Time: [  0.         265.2395144  281.518335   290.73787945 580.98260378
   0.           0.           0.           0.           0.
   0.           0.        ]
Car 58 Uncertain Time: [   0.          919.23555197  958.69439128 1082.53703337 2005.37179648
    0.            0.            0.            0.            0.
    0.            0.        ]
Car 59 Uncertain Time: [   0.          960.61646873 1279.95641299 1414.90825626 2506.92016095
    0.            0.            0.            0.            0.
    0.            0.        ]
Car 60 Uncertain Time: [   0.          903.20374224 1001.43815576 1033.88811724 1978.12219839
    0.            0.            0.            0.            0.
    0.            0.        ]
Car 61 Uncertain Time: [   0.          439.05580511  586.35482072  797.64135602 1261.31473244
    0.            0.            0.            0.            0.
    0.            0.        ]
Car 62 Uncertain Time: [   0.          389.01156795  630.12979621  727.62338575  911.10362991
 1410.563338      0.            0.            0.            0.
    0.            0.        ]
Car 63 Uncertain Time: [   0.         1043.24349986 1068.08298456 1128.01628081 2178.83120267
    0.            0.            0.            0.            0.
    0.            0.        ]
Car 64 Uncertain Time: [   0.         1184.365653   1196.40724758 2388.52678856    0.
    0.            0.            0.            0.            0.
    0.            0.        ]
Car 65 Uncertain Time: [  0.         231.7671245  393.29111653 477.81921836 809.67008849
   0.           0.           0.           0.           0.
   0.           0.        ]
Car 66 Uncertain Time: [   0.         1044.15324546 1241.23698401 1394.09312552 2500.36117622
    0.            0.            0.            0.            0.
    0.            0.        ]
Car 67 Uncertain Time: [   0.          502.11751613  609.01934024  681.08875123 1310.68544754
    0.            0.            0.            0.            0.
    0.            0.        ]
Car 68 Uncertain Time: [   0.          754.27448585  786.10214677  788.33821475  832.99244187
  918.01596803 1806.62443074    0.            0.            0.
    0.            0.        ]
Car 69 Uncertain Time: [   0.         1249.7591768  1417.11807259 1481.96404394 2769.20916434
    0.            0.            0.            0.            0.
    0.            0.        ]
Car 70 Uncertain Time: [   0.          381.5887839   395.51717218  721.71496494  789.8325104
 1432.9102662     0.            0.            0.            0.
    0.            0.        ]
Car 71 Uncertain Time: [   0.         1019.17711905 1087.1844716  1358.67111952 2393.41649883
    0.            0.            0.            0.            0.
    0.            0.        ]
Car 72 Uncertain Time: [   0.          897.98552327  939.8543661  1248.86083852 2189.52974946
    0.            0.            0.            0.            0.
    0.            0.        ]
Car 73 Uncertain Time: [  0.         128.94960256 176.07708923 308.26256498   0.
   0.           0.           0.           0.           0.
   0.           0.        ]
Car 74 Uncertain Time: [   0.          978.80028606 1063.0202362  1270.63767284 1350.39981925
 2466.9489673     0.            0.            0.            0.
    0.            0.        ]
Car 75 Uncertain Time: [   0.          727.04401517  798.05105708  861.01930304  916.19175994
  993.81263342 1042.08270697 1766.76815597    0.            0.
    0.            0.        ]
Car 76 Uncertain Time: [   0.         1113.90888317 1138.96881134 2260.67510088    0.
    0.            0.            0.            0.            0.
    0.            0.        ]
Car 77 Uncertain Time: [  0.         405.56380509 492.48906034 902.81819652   0.
   0.           0.           0.           0.           0.
   0.           0.        ]
Car 78 Uncertain Time: [   0.          655.14960124  789.07868695  866.0007254   902.23606727
 1036.64216832 1171.26014632 1923.9200961     0.            0.
    0.            0.        ]
Car 79 Uncertain Time: [   0.          307.61014288  535.48949692  744.89341283 1064.81371541
    0.            0.            0.            0.            0.
    0.            0.        ]
Car 80 Uncertain Time: [   0.          913.61260937  934.872901    954.97265224 1879.00728362
    0.            0.            0.            0.            0.
    0.            0.        ]
Car 81 Uncertain Time: [  0.         137.76792079 205.92215764 287.32240334 449.25140013
   0.           0.           0.           0.           0.
   0.           0.        ]
Car 82 Uncertain Time: [   0.         1262.96991255 1307.61294112 1316.55721303 2608.25686852
    0.            0.            0.            0.            0.
    0.            0.        ]
Car 83 Uncertain Time: [   0.          390.59057848  524.32539071  608.6402767  1122.79297775
    0.            0.            0.            0.            0.
    0.            0.        ]
Car 84 Uncertain Time: [   0.          856.83195552  984.97640526 1161.00197159 2045.55213975
    0.            0.            0.            0.            0.
    0.            0.        ]
Car 85 Uncertain Time: [   0.          813.90417126  937.33836426  978.38711576 1081.27054494
 2070.00812388    0.            0.            0.            0.
    0.            0.        ]
Car 86 Uncertain Time: [   0.          411.01338178  546.54566575  627.84757225  761.98183335
 1198.33604726    0.            0.            0.            0.
    0.            0.        ]
Car 1 UncertainEnergy: [100. 100. 100. 100. 100. 100. 100. 100. 100. 100. 100. 100.]
Car 2 UncertainEnergy: [100. 100. 100. 100. 100.   0.   0.   0.   0.   0.   0.   0.]
Car 3 UncertainEnergy: [100. 100. 100. 100. 100. 100. 100. 100.   0.   0.   0.   0.]
Car 4 UncertainEnergy: [100. 100. 100. 100. 100. 100. 100. 100. 100. 100. 100.   0.]
Car 5 UncertainEnergy: [100. 100. 100. 100. 100. 100. 100. 100.   0.   0.   0.   0.]
Car 6 UncertainEnergy: [100. 100. 100. 100. 100. 100. 100.   0.   0.   0.   0.   0.]
Car 7 UncertainEnergy: [100. 100. 100. 100.   0.   0.   0.   0.   0.   0.   0.   0.]
Car 8 UncertainEnergy: [100. 100. 100. 100. 100.   0.   0.   0.   0.   0.   0.   0.]
Car 9 UncertainEnergy: [100. 100. 100. 100. 100. 100. 100. 100. 100. 100. 100. 100.]
Car 10 UncertainEnergy: [100. 100. 100. 100. 100. 100.   0.   0.   0.   0.   0.   0.]
Car 11 UncertainEnergy: [100. 100. 100. 100. 100. 100. 100. 100.   0.   0.   0.   0.]
Car 12 UncertainEnergy: [100. 100. 100. 100.   0.   0.   0.   0.   0.   0.   0.   0.]
Car 13 UncertainEnergy: [100. 100. 100. 100. 100. 100.   0.   0.   0.   0.   0.   0.]
Car 14 UncertainEnergy: [100. 100. 100. 100. 100.   0.   0.   0.   0.   0.   0.   0.]
Car 15 UncertainEnergy: [100. 100. 100. 100. 100. 100.   0.   0.   0.   0.   0.   0.]
Car 16 UncertainEnergy: [100. 100. 100. 100.   0.   0.   0.   0.   0.   0.   0.   0.]
Car 17 UncertainEnergy: [100. 100. 100. 100. 100. 100.   0.   0.   0.   0.   0.   0.]
Car 18 UncertainEnergy: [100. 100. 100. 100. 100.   0.   0.   0.   0.   0.   0.   0.]
Car 19 UncertainEnergy: [100. 100. 100. 100. 100.   0.   0.   0.   0.   0.   0.   0.]
Car 20 UncertainEnergy: [100. 100. 100. 100.   0.   0.   0.   0.   0.   0.   0.   0.]
Car 21 UncertainEnergy: [100. 100. 100. 100. 100. 100. 100.   0.   0.   0.   0.   0.]
Car 22 UncertainEnergy: [100. 100. 100. 100. 100. 100. 100. 100.   0.   0.   0.   0.]
Car 23 UncertainEnergy: [100. 100. 100. 100. 100. 100. 100. 100. 100. 100.   0.   0.]
Car 24 UncertainEnergy: [100. 100. 100. 100. 100. 100.   0.   0.   0.   0.   0.   0.]
Car 25 UncertainEnergy: [100. 100. 100. 100. 100. 100. 100.   0.   0.   0.   0.   0.]
Car 26 UncertainEnergy: [100. 100. 100. 100. 100.   0.   0.   0.   0.   0.   0.   0.]
Car 27 UncertainEnergy: [100. 100. 100. 100. 100.   0.   0.   0.   0.   0.   0.   0.]
Car 28 UncertainEnergy: [100. 100. 100. 100. 100. 100. 100. 100. 100. 100.   0.   0.]
Car 29 UncertainEnergy: [100. 100. 100. 100. 100.   0.   0.   0.   0.   0.   0.   0.]
Car 30 UncertainEnergy: [100. 100. 100. 100. 100.   0.   0.   0.   0.   0.   0.   0.]
Car 31 UncertainEnergy: [100. 100. 100. 100. 100.   0.   0.   0.   0.   0.   0.   0.]
Car 32 UncertainEnergy: [100. 100. 100. 100. 100. 100.   0.   0.   0.   0.   0.   0.]
Car 33 UncertainEnergy: [100. 100. 100. 100. 100.   0.   0.   0.   0.   0.   0.   0.]
Car 34 UncertainEnergy: [100. 100. 100. 100. 100. 100.   0.   0.   0.   0.   0.   0.]
Car 35 UncertainEnergy: [100. 100. 100. 100. 100. 100.   0.   0.   0.   0.   0.   0.]
Car 36 UncertainEnergy: [100. 100. 100. 100. 100.   0.   0.   0.   0.   0.   0.   0.]
Car 37 UncertainEnergy: [100. 100. 100. 100. 100. 100. 100. 100. 100.   0.   0.   0.]
Car 38 UncertainEnergy: [100. 100. 100. 100. 100. 100.   0.   0.   0.   0.   0.   0.]
Car 39 UncertainEnergy: [100. 100. 100. 100. 100.   0.   0.   0.   0.   0.   0.   0.]
Car 40 UncertainEnergy: [100. 100. 100. 100. 100.   0.   0.   0.   0.   0.   0.   0.]
Car 41 UncertainEnergy: [100. 100. 100. 100. 100.   0.   0.   0.   0.   0.   0.   0.]
Car 42 UncertainEnergy: [100. 100. 100. 100. 100. 100. 100.   0.   0.   0.   0.   0.]
Car 43 UncertainEnergy: [100. 100. 100. 100.   0.   0.   0.   0.   0.   0.   0.   0.]
Car 44 UncertainEnergy: [100. 100. 100. 100. 100.   0.   0.   0.   0.   0.   0.   0.]
Car 45 UncertainEnergy: [100. 100. 100. 100. 100. 100.   0.   0.   0.   0.   0.   0.]
Car 46 UncertainEnergy: [100. 100. 100. 100. 100. 100.   0.   0.   0.   0.   0.   0.]
Car 47 UncertainEnergy: [100. 100. 100. 100. 100.   0.   0.   0.   0.   0.   0.   0.]
Car 48 UncertainEnergy: [100. 100. 100. 100.   0.   0.   0.   0.   0.   0.   0.   0.]
Car 49 UncertainEnergy: [100. 100. 100. 100. 100. 100.   0.   0.   0.   0.   0.   0.]
Car 50 UncertainEnergy: [100. 100. 100. 100. 100.   0.   0.   0.   0.   0.   0.   0.]
Car 51 UncertainEnergy: [100. 100. 100. 100. 100.   0.   0.   0.   0.   0.   0.   0.]
Car 52 UncertainEnergy: [100. 100. 100. 100.   0.   0.   0.   0.   0.   0.   0.   0.]
Car 53 UncertainEnergy: [100. 100. 100. 100. 100.   0.   0.   0.   0.   0.   0.   0.]
Car 54 UncertainEnergy: [100. 100. 100. 100. 100. 100. 100. 100. 100. 100.   0.   0.]
Car 55 UncertainEnergy: [100. 100. 100. 100. 100. 100. 100. 100. 100.   0.   0.   0.]
Car 56 UncertainEnergy: [100. 100. 100. 100. 100.   0.   0.   0.   0.   0.   0.   0.]
Car 57 UncertainEnergy: [100. 100. 100. 100. 100.   0.   0.   0.   0.   0.   0.   0.]
Car 58 UncertainEnergy: [100. 100. 100. 100. 100.   0.   0.   0.   0.   0.   0.   0.]
Car 59 UncertainEnergy: [100. 100. 100. 100. 100.   0.   0.   0.   0.   0.   0.   0.]
Car 60 UncertainEnergy: [100. 100. 100. 100. 100.   0.   0.   0.   0.   0.   0.   0.]
Car 61 UncertainEnergy: [100. 100. 100. 100. 100.   0.   0.   0.   0.   0.   0.   0.]
Car 62 UncertainEnergy: [100. 100. 100. 100. 100. 100.   0.   0.   0.   0.   0.   0.]
Car 63 UncertainEnergy: [100. 100. 100. 100. 100.   0.   0.   0.   0.   0.   0.   0.]
Car 64 UncertainEnergy: [100. 100. 100. 100.   0.   0.   0.   0.   0.   0.   0.   0.]
Car 65 UncertainEnergy: [100. 100. 100. 100. 100.   0.   0.   0.   0.   0.   0.   0.]
Car 66 UncertainEnergy: [100. 100. 100. 100. 100.   0.   0.   0.   0.   0.   0.   0.]
Car 67 UncertainEnergy: [100. 100. 100. 100. 100.   0.   0.   0.   0.   0.   0.   0.]
Car 68 UncertainEnergy: [100. 100. 100. 100. 100. 100. 100.   0.   0.   0.   0.   0.]
Car 69 UncertainEnergy: [100. 100. 100. 100. 100.   0.   0.   0.   0.   0.   0.   0.]
Car 70 UncertainEnergy: [100. 100. 100. 100. 100. 100.   0.   0.   0.   0.   0.   0.]
Car 71 UncertainEnergy: [100. 100. 100. 100. 100.   0.   0.   0.   0.   0.   0.   0.]
Car 72 UncertainEnergy: [100. 100. 100. 100. 100.   0.   0.   0.   0.   0.   0.   0.]
Car 73 UncertainEnergy: [100. 100. 100. 100.   0.   0.   0.   0.   0.   0.   0.   0.]
Car 74 UncertainEnergy: [100. 100. 100. 100. 100. 100.   0.   0.   0.   0.   0.   0.]
Car 75 UncertainEnergy: [100. 100. 100. 100. 100. 100. 100. 100.   0.   0.   0.   0.]
Car 76 UncertainEnergy: [100. 100. 100. 100.   0.   0.   0.   0.   0.   0.   0.   0.]
Car 77 UncertainEnergy: [100. 100. 100. 100.   0.   0.   0.   0.   0.   0.   0.   0.]
Car 78 UncertainEnergy: [100. 100. 100. 100. 100. 100. 100. 100.   0.   0.   0.   0.]
Car 79 UncertainEnergy: [100. 100. 100. 100. 100.   0.   0.   0.   0.   0.   0.   0.]
Car 80 UncertainEnergy: [100. 100. 100. 100. 100.   0.   0.   0.   0.   0.   0.   0.]
Car 81 UncertainEnergy: [100. 100. 100. 100. 100.   0.   0.   0.   0.   0.   0.   0.]
Car 82 UncertainEnergy: [100. 100. 100. 100. 100.   0.   0.   0.   0.   0.   0.   0.]
Car 83 UncertainEnergy: [100. 100. 100. 100. 100.   0.   0.   0.   0.   0.   0.   0.]
Car 84 UncertainEnergy: [100. 100. 100. 100. 100.   0.   0.   0.   0.   0.   0.   0.]
Car 85 UncertainEnergy: [100. 100. 100. 100. 100. 100.   0.   0.   0.   0.   0.   0.]
Car 86 UncertainEnergy: [100. 100. 100. 100. 100. 100.   0.   0.   0.   0.   0.   0.]
