Solver Type: Recursive
Solving Time: 16981.449439959
N: 1001
Cars: 43
Clustering Method: Max_Eigenvalue
Recharge Model: ConstantRate
Cost: 78790.04005833095
Solution Gap: 8.893704731298394
Charging Stations: []
Car 1 Trajectory Node: [  0   7 465 686 644 363 373 334  11 342 770 678 332 902 587 125 403 665
 589 862 254 758 832 241 653 267 366   0]
Car 2 Trajectory Node: [  0 442 855 493 288 626 285 317 909 111 419 329  34 776 714   2 979 649
 677 628 674 253 365 217   0   0   0   0]
Car 3 Trajectory Node: [  0 197 840 211 494 792 101 640 547 655 850 460 739 927 952 194 280 440
 583 719 648 499 528 284 638   0   0   0]
Car 4 Trajectory Node: [  0 895 756 629 520 599 555 901 331 973 448 912 415 749 977 669 233 225
 106 383 126 787 729 691 829 239 877   0]
Car 5 Trajectory Node: [  0 103 596 708 663 265 261 171 397 593  82 443 731 188 659 378  43 247
 418 879 785 582  71   0   0   0   0   0]
Car 6 Trajectory Node: [  0 803  24 992 845 112 916 914  63 695 164  10 863 270 122 462 384 815
 139 489 957   0   0   0   0   0   0   0]
Car 7 Trajectory Node: [  0 294  89 279 728 509 578 884 808  31 502 337 984 277 812 283 452 133
 980 724 969 561 297  22  94   0   0   0]
Car 8 Trajectory Node: [  0 192 907 251 681  65 353 438 305 990 833 548 685 746 152 885 608  75
 432 730 917 500 302 128 425 273   0   0]
Car 9 Trajectory Node: [  0 741  69 715 224 178 189 810 466 338 610 477 470 449 997  36 381 420
  19 170  73 339  57 841   0   0   0   0]
Car 10 Trajectory Node: [  0 709 595 693  49 441  61 673 481 762 116 379  39 745 219 703 390 175
 531 740 416 868  27   0   0   0   0   0]
Car 11 Trajectory Node: [  0 146 734 150 934 487 542 998 619 818  64 956  29 809 157 377 490 867
 784  93 694 905 571   0   0   0   0   0]
Car 12 Trajectory Node: [   0  200 1000  312  434   90  799  450  514  428  159  575  308  924
  991  910  136  893  551  989  726  692  718    0    0    0    0    0]
Car 13 Trajectory Node: [  0 180 567 475 838 970 311 138 790 526 259 263 821 574  72 939 310 904
 928 160 778 843 923 781 981 866  60   0]
Car 14 Trajectory Node: [  0 974 633 400 227 581 299 617  23 232 358 439 144 545 857 375 881 696
 671 459 811 966   0   0   0   0   0   0]
Car 15 Trajectory Node: [  0 658 408 698 664 768 662 335 873  18 930 350 903 505 540 515 876 748
 236 836 234 801 819   0   0   0   0   0]
Car 16 Trajectory Node: [  0 556 512 380 389 530 326 878 319 631 666  97 584 235 162 848 967 275
 849 961 550 121 387 860 370   0   0   0]
Car 17 Trajectory Node: [  0 950 324 191 851 976  35 823 883 926 651 208 410 423 546 539 529 711
 257 641   0   0   0   0   0   0   0   0]
Car 18 Trajectory Node: [  0  52 262 752 727 246 925 892 616 717 480 738 396 706 647 221 213 114
 949  53 130 842  81 392 898 861   0   0]
Car 19 Trajectory Node: [  0 300 316 723 321 485  44 369 852 937 345 565 988 214 320 735 151 935
 816 237 187 433 354 958   0   0   0   0]
Car 20 Trajectory Node: [  0 962 625 668 853 672 517 670 761 471  95 965 603  38 209 525 395 564
 451 712 108 797 256 859   0   0   0   0]
Car 21 Trajectory Node: [  0 174 250 911 615 497 559  26 716 675 295  67 478 536 147 368 679  77
 835 963 292 896 226   0   0   0   0   0]
Car 22 Trajectory Node: [  0  98 632 107 549 325 562 120 683 913 894 954 479 690 737 274 207 919
 899  42  86  21 722 123 753   0   0   0]
Car 23 Trajectory Node: [  0 750 458 636 155 100 156 182 764 985 543 272 563 769 435 890 920 940
 602 684 609 569 922 782   0   0   0   0]
Car 24 Trajectory Node: [  0 231 931 600 570 533 132 289 650  80 972 588  41 406 346 402 802 104
 298 245  48 293 491 407 680 794 865   0]
Car 25 Trajectory Node: [  0  51 244 264 447 847 541 181 362 987 591  47 580 566 813 118 430 960
 210 291 391   0   0   0   0   0   0   0]
Car 26 Trajectory Node: [  0 414 805 637 590 720 464 409 357 554 688 172 585 455 605 468 534 639
 982 874 518 945 953 411  68 453   0   0]
Car 27 Trajectory Node: [  0 374 328 463 535 142 929 918 800 202 759 495 586 149 394 622 786 413
 652 330 243 367   0   0   0   0   0   0]
Car 28 Trajectory Node: [  0 183  37 725 398 941 936 796 627 657 856 371 154 258 102 199 109 948
 315 887 519 553 124 461 620 506 897   0]
Car 29 Trajectory Node: [  0 436 837  16 760 474 446 594 412 613 165  14 105 560 623  33 228 968
 437 994 523 222 196 364 630 129 765   0]
Car 30 Trajectory Node: [  0 327 814 888 704 249 212  78 646 333 482 185 401 598  54 779 216  91
   6  32 296  50 999 454 645   0   0   0]
Car 31 Trajectory Node: [  0 301 660 501   9  15 361 634 355 944 942 702 804 141  96 870 826 955
 538 844 611 524 900   0   0   0   0   0]
Car 32 Trajectory Node: [  0 642 429 697 773 190 215 713 445 932 624 846 661 516 347 872 360 148
 614 635 788 307   0   0   0   0   0   0]
Car 33 Trajectory Node: [  0 186 417 386 938 774 959 242 754  59 592 204 140 467 290 871 508 201
  45 306 248 266 604 356 431 206   0   0]
Car 34 Trajectory Node: [  0 343 198 875 177  25  28  92 240 767 839 825 322 282 220 710  74 707
 492 775 993   8 469   0   0   0   0   0]
Car 35 Trajectory Node: [  0 404 388 869 777 286 654 544  83 682 393   3 798 113 772  76 131 511
 577 971 405 995  87 576 173   0   0   0]
Car 36 Trajectory Node: [  0 303 498 757 831 340 352  56  84 134 771 747 889 933 733 906 135 422
 238 701 882 456 427 229   0   0   0   0]
Car 37 Trajectory Node: [  0 195 278 834 304   1 854 359 780 689 287 421 385 158 344 820 828 476
 579 705 946 975 351 732 558 572   0   0]
Car 38 Trajectory Node: [  0 271 336 193 166 951 184 791 276   4 986 281 891 612 496  46 521 996
 137 127 323 763 618 169 348   0   0   0]
Car 39 Trajectory Node: [  0 110 806 915 607 643 143 167 817  88  58  85  62 484 168 444 424 755
 783 964 119 203 145 656   0   0   0   0]
Car 40 Trajectory Node: [  0 153 255 751 943 313 218 573 269 309 488 744 864 824 807 486 513  99
 830 983 318 793   5 606   0   0   0   0]
Car 41 Trajectory Node: [  0 880 676 376 552 349 382 341 858  40  70 223 473 827 621 205 699 568
 947 472 176 399 163 597 510   0   0   0]
Car 42 Trajectory Node: [  0 117  17  79  20 268 886  66 314 743  30 252 426 700 504 527 503 687
 161 667 721 795   0   0   0   0   0   0]
Car 43 Trajectory Node: [  0 601 260  12 532 978 908  13 522 742  55 230 507 537 115 557 483 372
 789 179 921 822 766 736 457   0   0   0]
Car 1 Time: [   0.          689.85360766  754.39041886  767.39041886  775.00619197
  806.0706411   814.61464485  831.70265234  835.94529302  843.7555427
  864.15162075  892.22295845  920.29429614  924.41740177  927.57967943
  962.92087352  970.20098341 1024.28425254 1060.68480199 1078.79557227
 1087.28085364 1091.7529896  1105.96566    1127.96566    1163.97954621
 1186.78305471 1218.7986759  1932.80147702]
Car 2 Time: [   0.          822.99513972  875.80612342  900.13717355  926.07941709
  952.6500776   974.85368091  995.46920904 1002.74931893 1035.32231388
 1055.54606229 1090.56034509 1100.56034509 1107.26854903 1121.30421787
 1128.01242181 1149.64572946 1162.01504634 1198.08442393 1234.22304593
 1275.65974464 1316.18134382 1329.78281433 1350.80661037 2165.81642626
    0.            0.            0.        ]
Car 3 Time: [   0.          427.9299008   460.37986228  468.19011196  480.72007604
  496.84459154  530.13122549  556.09273547  569.09273547  591.45341524
  609.89250415  660.49882787  710.70838871  712.94445669  738.65437695
  742.77748258  757.64355133  791.87803686  833.47130555  850.96416124
  867.24298183  889.80401018  896.51221411  938.48839783  947.54378297
 1413.6435577     0.            0.        ]
Car 4 Time: [   0.          978.25405698 1013.76461879 1024.94495868 1040.2092962
 1052.29234217 1070.01238732 1071.42660088 1103.44222207 1110.65332462
 1161.24976718 1180.89664989 1223.08669611 1248.08669611 1268.33515284
 1279.51549273 1310.04416777 1327.13217526 1373.19734649 1422.23814583
 1437.46969204 1460.31701136 1491.20390178 1525.40916453 1545.80524259
 1560.67131133 1576.48269964 2599.91857941]
Car 5 Time: [   0.          570.93782499  583.46778907  600.96064476  617.08516025
  640.34456695  687.51447261  706.11554785  763.33442585  780.79867505
  790.69816999  801.1384765   806.1384765   814.38468775  824.58272677
  841.61211314  857.26458898  864.26458898  918.11623705  929.16159807
  949.7771262  1009.00549778 1064.9519007  1704.40870143    0.
    0.            0.            0.        ]
Car 6 Time: [   0.          485.24220756  526.03436367  534.97863558  549.97863558
  567.44288478  610.38470588  640.84779831  652.5097021   664.17160589
  684.98025793  704.08523111  748.68343735  798.26165838  854.34195795
  918.23248933  978.69735516 1087.71570224 1106.15479115 1125.25976433
 1136.96446424 1632.16644323    0.            0.            0.
    0.            0.            0.        ]
Car 7 Time: [   0.          453.52177456  486.76331484  500.65575883  509.87530328
  527.6797971   531.80290272  554.00650604  576.21010935  602.28691897
  625.28691897  677.67966656  742.98663403  805.57257494  864.44531906
  886.58126268  913.50708671  948.84828081  975.02078547 1019.43925009
 1031.60477515 1054.45209447 1072.80965422 1092.22614206 1138.23701034
 1520.00133555    0.            0.        ]
Car 8 Time: [   0.          752.51910275  788.25423952  807.67072736  840.56449576
  869.20013789  896.51313846  920.92624969  934.96191854  966.36255547
  983.82680467 1006.49837277 1062.21192588 1113.22172886 1174.90641091
 1198.94804147 1209.99340249 1220.81005631 1244.97614826 1279.96185963
 1301.96185963 1334.51950082 1343.73904528 1387.75040745 1397.80028307
 1412.93302902 2197.04080222    0.        ]
Car 9 Time: [   0.          873.37162766  893.09471058  910.8992044   921.8992044
  924.8992044   981.83776778  997.64915608 1019.73987811 1105.25011142
 1195.19453871 1242.87052847 1255.51963911 1260.90480392 1292.04962692
 1303.04962692 1345.23967314 1350.62483795 1369.65113554 1407.09442599
 1442.26543678 1469.72449722 1484.14670232 1510.14670232 2365.17945023
    0.            0.            0.        ]
Car 10 Time: [   0.          616.77386456  666.81384857  694.47248194  711.50186831
  730.91835615  748.91835615  763.13102655  790.717255    841.4912641
  892.42259041  918.42259041  947.28432979  984.40575218 1004.10346778
 1014.73361359 1049.14291466 1056.14291466 1117.82759671 1129.99312177
 1145.80451007 1162.83389644 1176.43536695 1718.10870024    0.
    0.            0.            0.        ]
Car 11 Time: [   0.          335.63819806  368.62304307  378.0570242   382.52916016
  397.66190611  420.74869887  433.78710368  460.95325909  469.43854047
  494.27802516  524.36124308  555.42569221  610.24357251  618.30583025
  652.27640576  661.49595021  713.9649887   732.40407762  788.43978052
  853.43978052  883.58940739  937.93092006 1269.9369441     0.
    0.            0.            0.        ]
Car 12 Time: [   0.          844.53833542  853.97231656  863.82117436  876.54909642
  888.590691    919.20114673  942.39597374  991.27337138 1036.05059773
 1073.74675138 1094.55540343 1104.85103357 1119.85103357 1155.9758173
 1162.37894154 1177.41223792 1180.24066505 1200.26564944 1224.61724076
 1247.08944582 1298.95465574 1332.19619601 2221.73765092    0.
    0.            0.            0.        ]
Car 13 Time: [   0.          715.02517438  734.13014756  779.13014756  797.51492387
  798.51492387  827.92580621  838.97116722  844.35633203  863.77281987
  873.206801    884.38714089  893.87397387  909.52644971  927.55420609
  933.63696862  953.33468422  986.13712316 1015.81876732 1045.78541544
 1084.61839112 1102.50693494 1160.37748013 1196.72304382 1234.99836224
 1271.2337041  1327.269407   1998.18296328]
Car 14 Time: [   0.          670.43045874  694.76150886  715.95112896  762.22207016
  771.16634207  807.52566     824.7883365   878.60283269  953.00713364
  993.79928975 1011.79928975 1043.1839994  1058.48105794 1079.85861627
 1115.91412902 1167.39227973 1193.00477668 1285.57907116 1308.98847099
 1332.24787769 1373.10127412 2055.60621915    0.            0.
    0.            0.            0.        ]
Car 15 Time: [  0.          23.02172887  35.55169295  52.55169295  66.69382858
  99.45050728 133.68499282 142.1702742  211.52443773 240.67919721
 270.10707515 302.06016576 349.76760753 414.24240881 420.07336071
 444.26013395 466.46373726 485.33169953 517.28479014 535.31254652
 562.23837056 595.97262614 608.50259023 636.01622321   0.
   0.           0.           0.        ]
Car 16 Time: [   0.          958.30057915 1000.18136233 1031.48631402 1058.79931459
 1079.82311063 1103.90629978 1120.45924514 1123.6215228  1141.085772
 1150.9346298  1178.9346298  1206.44826279 1215.66780724 1255.12664656
 1282.8574958  1300.321745   1323.40853776 1396.78428307 1422.41629431
 1431.01861958 1459.30289082 1474.82706552 1491.85645189 1544.25874191
 2476.83045497    0.            0.        ]
Car 17 Time: [   0.          899.18018217  963.99530386  986.46750891 1009.46750891
 1037.89284972 1094.64670421 1123.80146369 1137.72985197 1154.22227447
 1160.62539871 1196.23438634 1225.23438634 1243.91592803 1262.16421562
 1325.19595366 1348.21768252 1358.84782833 1368.06737279 1393.36559407
 2285.44630791    0.            0.            0.            0.
    0.            0.            0.        ]
Car 18 Time: [   0.          617.22362236  629.59293924  635.67570177  650.67570177
  673.67570177  688.23592155  731.42156731  793.10624936  799.5093736
  819.43423245  852.67577272  858.06093753  874.33975813  880.74288236
  915.22476166  927.8738723   935.48964541  954.27793964  973.30423723
  992.61744514 1026.23291777 1067.0373293  1150.04335318 1168.48244209
 1178.9227486  1793.5608535     0.        ]
Car 19 Time: [  0.         100.88111815 148.17805252 164.82136949 172.88362724
 180.16373713 215.51907619 249.57784892 264.6111453  291.68511804
 319.84537372 341.77708592 366.61657062 396.68316337 439.4031821
 465.57568676 519.65895589 525.31581014 559.15365877 572.75512928
 590.47517443 615.1733525  629.93817556 676.11176108 784.57373598
   0.           0.           0.        ]
Car 20 Time: [   0.          746.79046593  796.18682207  813.67967775  827.02134182
  841.33916288  886.06052243  913.26346345  943.72655587  950.79762368
 1009.6703678  1040.08418045 1075.21251659 1085.06137439 1107.26497771
 1133.20722125 1149.36271567 1164.22878442 1179.75295911 1232.52605832
 1249.73070886 1314.73070886 1343.59244823 1360.79709877 2091.33730985
    0.            0.            0.        ]
Car 21 Time: [   0.          835.25145914  849.39359477  877.41144622  898.43524226
  944.05322117  955.71512496  964.31745023  975.71920448  992.74859085
 1012.97233926 1024.01770028 1028.1408059  1053.69467058 1058.16680654
 1070.53612341 1112.64312996 1125.2922406  1180.51904568 1226.21368432
 1262.7102595  1320.69301556 1376.13668066 2204.25382213    0.
    0.            0.            0.        ]
Car 22 Time: [   0.          358.11311062  386.53845143  405.77383549  422.05265609
  435.05265609  464.78479358  501.28136876  525.44746071  530.83262552
  537.83262552  544.23574976  576.25137094  613.94752459  672.77778891
  702.50992641  711.72947087  751.35269638  764.00180702  776.08485299
  812.48540244  874.25918328  911.84907554  924.37903963  950.77979719
 1303.81520618    0.            0.        ]
Car 23 Time: [   0.          807.5599049   876.43660633  923.12707645  956.96492508
  966.96492508  989.96492508  997.77517476 1018.98837819 1054.42846849
 1061.13667242 1081.75220055 1108.00101004 1134.47741463 1146.56046061
 1179.31713931 1223.70182136 1244.31734949 1264.93287761 1288.01967037
 1302.05533922 1323.59599845 1354.0098111  1405.6237627  2180.44761365
    0.            0.            0.        ]
Car 24 Time: [   0.          259.41665328  289.03083907  302.44724694  311.66679139
  316.66679139  330.55923538  354.41295627  375.29356929  411.43219128
  468.29166719  503.64700625  523.64700625  530.35521018  569.2653631
  573.38846872  614.78895181  641.71477585  664.07545562  682.07545562
  693.73735941  703.93539844  721.62720445  757.43223203  802.03043827
  839.0844529   879.88886443 1113.85039973]
Car 25 Time: [   0.          863.91203256  876.95043737  900.03723013  913.63870064
  935.72942267  982.85690935 1020.05905982 1069.09985916 1123.18312829
 1150.84176167 1189.79044585 1229.19856684 1256.40150786 1298.55598568
 1357.25010804 1381.27093234 1401.86219262 1422.95721573 1440.45007142
 1459.42373738 2314.78915637    0.            0.            0.
    0.            0.            0.        ]
Car 26 Time: [   0.          463.24939288  491.03428085  505.79910392  526.67971693
  547.89292037  596.15263442  625.35879815  631.44156068  648.90580988
  660.61050979  688.12414277  708.52022083  731.19178892  756.82380016
  787.62964376  811.79573571  842.79573571  888.83919344  935.01277896
  977.55687374 1015.2132145  1038.30000726 1045.58011715 1066.19564528
 1130.60061403 1625.44200276    0.        ]
Car 27 Time: [   0.          490.97861461  517.4550192   554.25175818  583.79833159
  600.82771795  619.21249426  637.57005401  672.4555811   716.2847951
  726.48283413  760.54160686  828.16556711  871.21205361  882.3923935
  921.95247439  938.23129498  971.83189022 1021.41011124 1035.62278165
 1056.88307327 1077.13153    1548.97154526    0.            0.
    0.            0.            0.        ]
Car 28 Time: [   0.          708.48641483  721.29266331  745.06239195  762.06239195
  783.086188    803.70171612  807.82482175  840.94581207  906.06109446
  916.11097008  926.30900911  951.48836573  979.29124328  996.32062964
 1041.66376584 1067.15886341 1078.33920329 1084.66375861 1100.28425797
 1116.43975239 1132.93217489 1152.73116476 1158.56211666 1193.00046737
 1225.28049216 1245.40510395 1937.72367225]
Car 29 Time: [   0.          668.09131112  679.13667214  687.73899741  714.94193843
  732.66198357  753.54259659  782.69735606  787.79637558  805.90714585
  812.31027009  846.51553285  884.52868846  896.69421352  931.47926779
  981.12803413 1019.33798048 1048.49273996 1071.0537683  1085.81859136
 1110.55722512 1133.40454443 1162.04018656 1203.81338371 1216.96633015
 1234.99408652 1271.88582002 1918.65625843]
Car 30 Time: [   0.          845.36974159  889.77694821  898.02315947  939.07191097
  946.14297878  959.48464285  972.90105071  980.71130039 1017.38554203
 1022.38554203 1048.09546229 1065.12484866 1104.94946416 1147.9610905
 1165.98884687 1200.04761961 1240.54453307 1249.76407753 1269.68893637
 1282.68893637 1299.77694386 1316.26936636 1342.67012393 1373.26424101
 2255.3129925     0.            0.        ]
Car 31 Time: [   0.          257.37909783  260.54137549  309.7856645   339.75231263
  347.75231263  353.58326452  375.51497672  392.27803134  443.31723196
  463.90849224  558.28009814  563.66526294  597.89974848  637.71180696
  665.78314465  682.27556715  750.2829197   776.35972932  812.13681696
  818.46137228  846.26424983  865.98733275 1086.57971703    0.
    0.            0.            0.        ]
Car 32 Time: [   0.          570.49627519  600.91008784  623.11369115  628.11369115
  648.36214788  670.29386008  702.74382156  715.78222637  735.01761043
  776.16369165  851.85384953  863.51575332  889.069618    919.15283591
  926.36393847  947.76487302  977.78153506  981.38708634  996.61863255
 1040.03521924 1058.41999555 1616.42357977    0.            0.
    0.            0.            0.        ]
Car 33 Time: [   0.          458.44301718  466.98702092  506.54710181  516.98740832
  535.37218463  564.49262419  572.73883544  601.39193301  629.83485831
  656.08366781  702.77413793  718.89865343  777.90712739  783.98988992
  838.32220075  882.15141475  896.91623781  914.80478163  917.96705929
  921.12933695  942.60024751  954.64184209  957.80411975 1024.09137342
 1029.92232532 1519.861097      0.        ]
Car 34 Time: [   0.          222.32633672  247.02451479  260.91695878  272.31871303
  302.84738808  336.22402661  338.46009459  367.32183397  404.65814338
  441.53632121  477.59183396  505.89377736  551.77405634  575.18345617
  586.36379605  619.60533633  632.4115848   657.70980609  687.67645421
  697.11043535  782.81341079  835.44420026 1096.7677545     0.
    0.            0.            0.        ]
Car 35 Time: [   0.          966.77660294 1040.45835102 1057.95120671 1067.95120671
 1104.95120671 1125.05095795 1153.22896356 1197.63617018 1210.63617018
 1228.35621533 1274.23649431 1310.45803487 1339.47527112 1398.6867565
 1435.79470713 1482.03321921 1500.06097559 1527.35566372 1588.10103391
 1612.28780716 1624.45333222 1639.013552   1667.80591209 1698.33458714
 2693.25970995    0.            0.        ]
Car 36 Time: [   0.          595.06806333  612.87255715  628.99707265  653.69525072
  655.10946428  686.49417393  701.25899699  715.57681805  730.57681805
  756.38379386  834.21052448  848.13891276  873.37777169  876.54004935
  899.62684211  926.62684211  949.47416143  958.90814256  966.11924511
 1010.53770974 1048.27363427 1116.28098681 1148.59197565 1730.9707184
    0.            0.            0.        ]
Car 37 Time: [   0.          805.13663437  834.20551807  878.80372432  891.3336884
  927.69300633  948.78802944 1015.84024789 1106.6367236  1116.07070473
 1126.84103434 1139.56895641 1169.3010939  1196.20834199 1216.72662652
 1243.20303111 1253.05188891 1274.68519657 1295.70899261 1326.51483621
 1337.56019723 1370.68118755 1401.56807797 1453.96082556 1459.96082556
 1468.02308331 2286.94005102    0.        ]
Car 38 Time: [   0.         1077.03156871 1093.67488569 1129.36802228 1152.03959038
 1182.00623851 1196.77106157 1208.17281582 1246.25168135 1273.32565409
 1291.68321384 1311.53264708 1327.65716258 1340.18712666 1391.11845298
 1406.77092882 1440.77092882 1456.80214836 1494.45848913 1507.45848913
 1535.1171225  1548.53353037 1581.42729877 1594.76896284 1634.32904373
 2675.33816953    0.            0.        ]
Car 39 Time: [   0.          248.0503981   260.13344408  308.18549919  336.64599813
  362.64599813  372.49485593  386.81267699  419.46233243  469.11109878
  478.16648391  508.64598522  527.88136928  599.19055523  631.74819642
  670.38755459  691.64784622  719.37869547  734.51144142  744.80707156
  795.25506458  801.5796199   804.40804703  821.40804703 1065.71932388
    0.            0.            0.        ]
Car 40 Time: [   0.          652.49444442  666.63658004  678.67817462  734.57987406
  760.98063163  779.008388    820.23944426  836.64066373  856.88912046
  894.37245009  905.18910391  932.84773728  940.90999503  965.98986744
 1006.51146662 1041.86680568 1075.46740091 1087.83671779 1107.25320563
 1127.64928368 1159.89831467 1195.5073023  1203.56956005 1873.46283513
    0.            0.            0.        ]
Car 41 Time: [   0.          677.32414692  714.76743737  724.61629517  772.65794377
  819.95487813  838.39396705  866.28661841  898.73657989  912.62902388
  975.82712512  995.14033303 1027.78998847 1050.63730778 1056.02247259
 1075.25785665 1102.77148964 1152.86140878 1171.3004977  1198.75955813
 1211.28952222 1214.45179988 1247.20847859 1265.80955383 1295.08411616
 2008.38138939    0.            0.        ]
Car 42 Time: [   0.         1046.67712309 1072.48409889 1136.51534127 1221.95537872
 1269.75705233 1309.11438964 1368.57866463 1428.72016444 1449.31142472
 1522.47562362 1580.03428934 1591.34799784 1613.55160115 1627.58727
 1655.87154125 1728.95368681 1757.97092307 1831.13512196 1862.18347136
 1907.7246615  1952.73577124 2988.40753392    0.            0.
    0.            0.            0.        ]
Car 43 Time: [  0.         116.6190379  150.6337406  189.46671628 218.06741557
 222.1905212  288.0540164  303.57819109 324.38684314 357.76348168
 372.32370145 387.58803898 410.06024403 411.47445759 444.7761092
 486.36937789 528.66594986 553.96417114 563.81302894 607.07964424
 633.94970193 644.76635576 686.64713894 719.93377289 750.34758554
 882.35137337   0.           0.        ]
Car 1 Energy: [100. 100. 100. 100. 100. 100. 100. 100. 100. 100. 100. 100. 100. 100.
 100. 100. 100. 100. 100. 100. 100. 100. 100. 100. 100. 100. 100. 100.]
Car 2 Energy: [100. 100. 100. 100. 100. 100. 100. 100. 100. 100. 100. 100. 100. 100.
 100. 100. 100. 100. 100. 100. 100. 100. 100. 100. 100.   0.   0.   0.]
Car 3 Energy: [100. 100. 100. 100. 100. 100. 100. 100. 100. 100. 100. 100. 100. 100.
 100. 100. 100. 100. 100. 100. 100. 100. 100. 100. 100. 100.   0.   0.]
Car 4 Energy: [100. 100. 100. 100. 100. 100. 100. 100. 100. 100. 100. 100. 100. 100.
 100. 100. 100. 100. 100. 100. 100. 100. 100. 100. 100. 100. 100. 100.]
Car 5 Energy: [100. 100. 100. 100. 100. 100. 100. 100. 100. 100. 100. 100. 100. 100.
 100. 100. 100. 100. 100. 100. 100. 100. 100. 100.   0.   0.   0.   0.]
Car 6 Energy: [100. 100. 100. 100. 100. 100. 100. 100. 100. 100. 100. 100. 100. 100.
 100. 100. 100. 100. 100. 100. 100. 100.   0.   0.   0.   0.   0.   0.]
Car 7 Energy: [100. 100. 100. 100. 100. 100. 100. 100. 100. 100. 100. 100. 100. 100.
 100. 100. 100. 100. 100. 100. 100. 100. 100. 100. 100. 100.   0.   0.]
Car 8 Energy: [100. 100. 100. 100. 100. 100. 100. 100. 100. 100. 100. 100. 100. 100.
 100. 100. 100. 100. 100. 100. 100. 100. 100. 100. 100. 100. 100.   0.]
Car 9 Energy: [100. 100. 100. 100. 100. 100. 100. 100. 100. 100. 100. 100. 100. 100.
 100. 100. 100. 100. 100. 100. 100. 100. 100. 100. 100.   0.   0.   0.]
Car 10 Energy: [100. 100. 100. 100. 100. 100. 100. 100. 100. 100. 100. 100. 100. 100.
 100. 100. 100. 100. 100. 100. 100. 100. 100. 100.   0.   0.   0.   0.]
Car 11 Energy: [100. 100. 100. 100. 100. 100. 100. 100. 100. 100. 100. 100. 100. 100.
 100. 100. 100. 100. 100. 100. 100. 100. 100. 100.   0.   0.   0.   0.]
Car 12 Energy: [100. 100. 100. 100. 100. 100. 100. 100. 100. 100. 100. 100. 100. 100.
 100. 100. 100. 100. 100. 100. 100. 100. 100. 100.   0.   0.   0.   0.]
Car 13 Energy: [100. 100. 100. 100. 100. 100. 100. 100. 100. 100. 100. 100. 100. 100.
 100. 100. 100. 100. 100. 100. 100. 100. 100. 100. 100. 100. 100. 100.]
Car 14 Energy: [100. 100. 100. 100. 100. 100. 100. 100. 100. 100. 100. 100. 100. 100.
 100. 100. 100. 100. 100. 100. 100. 100. 100.   0.   0.   0.   0.   0.]
Car 15 Energy: [100. 100. 100. 100. 100. 100. 100. 100. 100. 100. 100. 100. 100. 100.
 100. 100. 100. 100. 100. 100. 100. 100. 100. 100.   0.   0.   0.   0.]
Car 16 Energy: [100. 100. 100. 100. 100. 100. 100. 100. 100. 100. 100. 100. 100. 100.
 100. 100. 100. 100. 100. 100. 100. 100. 100. 100. 100. 100.   0.   0.]
Car 17 Energy: [100. 100. 100. 100. 100. 100. 100. 100. 100. 100. 100. 100. 100. 100.
 100. 100. 100. 100. 100. 100. 100.   0.   0.   0.   0.   0.   0.   0.]
Car 18 Energy: [100. 100. 100. 100. 100. 100. 100. 100. 100. 100. 100. 100. 100. 100.
 100. 100. 100. 100. 100. 100. 100. 100. 100. 100. 100. 100. 100.   0.]
Car 19 Energy: [100. 100. 100. 100. 100. 100. 100. 100. 100. 100. 100. 100. 100. 100.
 100. 100. 100. 100. 100. 100. 100. 100. 100. 100. 100.   0.   0.   0.]
Car 20 Energy: [100. 100. 100. 100. 100. 100. 100. 100. 100. 100. 100. 100. 100. 100.
 100. 100. 100. 100. 100. 100. 100. 100. 100. 100. 100.   0.   0.   0.]
Car 21 Energy: [100. 100. 100. 100. 100. 100. 100. 100. 100. 100. 100. 100. 100. 100.
 100. 100. 100. 100. 100. 100. 100. 100. 100. 100.   0.   0.   0.   0.]
Car 22 Energy: [100. 100. 100. 100. 100. 100. 100. 100. 100. 100. 100. 100. 100. 100.
 100. 100. 100. 100. 100. 100. 100. 100. 100. 100. 100. 100.   0.   0.]
Car 23 Energy: [100. 100. 100. 100. 100. 100. 100. 100. 100. 100. 100. 100. 100. 100.
 100. 100. 100. 100. 100. 100. 100. 100. 100. 100. 100.   0.   0.   0.]
Car 24 Energy: [100. 100. 100. 100. 100. 100. 100. 100. 100. 100. 100. 100. 100. 100.
 100. 100. 100. 100. 100. 100. 100. 100. 100. 100. 100. 100. 100. 100.]
Car 25 Energy: [100. 100. 100. 100. 100. 100. 100. 100. 100. 100. 100. 100. 100. 100.
 100. 100. 100. 100. 100. 100. 100. 100.   0.   0.   0.   0.   0.   0.]
Car 26 Energy: [100. 100. 100. 100. 100. 100. 100. 100. 100. 100. 100. 100. 100. 100.
 100. 100. 100. 100. 100. 100. 100. 100. 100. 100. 100. 100. 100.   0.]
Car 27 Energy: [100. 100. 100. 100. 100. 100. 100. 100. 100. 100. 100. 100. 100. 100.
 100. 100. 100. 100. 100. 100. 100. 100. 100.   0.   0.   0.   0.   0.]
Car 28 Energy: [100. 100. 100. 100. 100. 100. 100. 100. 100. 100. 100. 100. 100. 100.
 100. 100. 100. 100. 100. 100. 100. 100. 100. 100. 100. 100. 100. 100.]
Car 29 Energy: [100. 100. 100. 100. 100. 100. 100. 100. 100. 100. 100. 100. 100. 100.
 100. 100. 100. 100. 100. 100. 100. 100. 100. 100. 100. 100. 100. 100.]
Car 30 Energy: [100. 100. 100. 100. 100. 100. 100. 100. 100. 100. 100. 100. 100. 100.
 100. 100. 100. 100. 100. 100. 100. 100. 100. 100. 100. 100.   0.   0.]
Car 31 Energy: [100. 100. 100. 100. 100. 100. 100. 100. 100. 100. 100. 100. 100. 100.
 100. 100. 100. 100. 100. 100. 100. 100. 100. 100.   0.   0.   0.   0.]
Car 32 Energy: [100. 100. 100. 100. 100. 100. 100. 100. 100. 100. 100. 100. 100. 100.
 100. 100. 100. 100. 100. 100. 100. 100. 100.   0.   0.   0.   0.   0.]
Car 33 Energy: [100. 100. 100. 100. 100. 100. 100. 100. 100. 100. 100. 100. 100. 100.
 100. 100. 100. 100. 100. 100. 100. 100. 100. 100. 100. 100. 100.   0.]
Car 34 Energy: [100. 100. 100. 100. 100. 100. 100. 100. 100. 100. 100. 100. 100. 100.
 100. 100. 100. 100. 100. 100. 100. 100. 100. 100.   0.   0.   0.   0.]
Car 35 Energy: [100. 100. 100. 100. 100. 100. 100. 100. 100. 100. 100. 100. 100. 100.
 100. 100. 100. 100. 100. 100. 100. 100. 100. 100. 100. 100.   0.   0.]
Car 36 Energy: [100. 100. 100. 100. 100. 100. 100. 100. 100. 100. 100. 100. 100. 100.
 100. 100. 100. 100. 100. 100. 100. 100. 100. 100. 100.   0.   0.   0.]
Car 37 Energy: [100. 100. 100. 100. 100. 100. 100. 100. 100. 100. 100. 100. 100. 100.
 100. 100. 100. 100. 100. 100. 100. 100. 100. 100. 100. 100. 100.   0.]
Car 38 Energy: [100. 100. 100. 100. 100. 100. 100. 100. 100. 100. 100. 100. 100. 100.
 100. 100. 100. 100. 100. 100. 100. 100. 100. 100. 100. 100.   0.   0.]
Car 39 Energy: [100. 100. 100. 100. 100. 100. 100. 100. 100. 100. 100. 100. 100. 100.
 100. 100. 100. 100. 100. 100. 100. 100. 100. 100. 100.   0.   0.   0.]
Car 40 Energy: [100. 100. 100. 100. 100. 100. 100. 100. 100. 100. 100. 100. 100. 100.
 100. 100. 100. 100. 100. 100. 100. 100. 100. 100. 100.   0.   0.   0.]
Car 41 Energy: [100. 100. 100. 100. 100. 100. 100. 100. 100. 100. 100. 100. 100. 100.
 100. 100. 100. 100. 100. 100. 100. 100. 100. 100. 100. 100.   0.   0.]
Car 42 Energy: [100. 100. 100. 100. 100. 100. 100. 100. 100. 100. 100. 100. 100. 100.
 100. 100. 100. 100. 100. 100. 100. 100. 100.   0.   0.   0.   0.   0.]
Car 43 Energy: [100. 100. 100. 100. 100. 100. 100. 100. 100. 100. 100. 100. 100. 100.
 100. 100. 100. 100. 100. 100. 100. 100. 100. 100. 100. 100.   0.   0.]
Car 1 Uncertain Time: [   0.          689.85360766  754.39041886  767.39041886  775.00619197
  806.0706411   814.61464485  831.70265234  835.94529302  843.7555427
  864.15162075  892.22295845  920.29429614  924.41740177  927.57967943
  962.92087352  970.20098341 1024.28425254 1060.68480199 1078.79557227
 1087.28085364 1091.7529896  1105.96566    1127.96566    1163.97954621
 1186.78305471 1218.7986759  1932.80147702]
Car 2 Uncertain Time: [   0.          822.99513972  875.80612342  900.13717355  926.07941709
  952.6500776   974.85368091  995.46920904 1002.74931893 1035.32231388
 1055.54606229 1090.56034509 1100.56034509 1107.26854903 1121.30421787
 1128.01242181 1149.64572946 1162.01504634 1198.08442393 1234.22304593
 1275.65974464 1316.18134382 1329.78281433 1350.80661037 2165.81642626
    0.            0.            0.        ]
Car 3 Uncertain Time: [   0.          427.9299008   460.37986228  468.19011196  480.72007604
  496.84459154  530.13122549  556.09273547  569.09273547  591.45341524
  609.89250415  660.49882787  710.70838871  712.94445669  738.65437695
  742.77748258  757.64355133  791.87803686  833.47130555  850.96416124
  867.24298183  889.80401018  896.51221411  938.48839783  947.54378297
 1413.6435577     0.            0.        ]
Car 4 Uncertain Time: [   0.          978.25405698 1013.76461879 1024.94495868 1040.2092962
 1052.29234217 1070.01238732 1071.42660088 1103.44222207 1110.65332462
 1161.24976718 1180.89664989 1223.08669611 1248.08669611 1268.33515284
 1279.51549273 1310.04416777 1327.13217526 1373.19734649 1422.23814583
 1437.46969204 1460.31701136 1491.20390178 1525.40916453 1545.80524259
 1560.67131133 1576.48269964 2599.91857941]
Car 5 Uncertain Time: [   0.          570.93782499  583.46778907  600.96064476  617.08516025
  640.34456695  687.51447261  706.11554785  763.33442585  780.79867505
  790.69816999  801.1384765   806.1384765   814.38468775  824.58272677
  841.61211314  857.26458898  864.26458898  918.11623705  929.16159807
  949.7771262  1009.00549778 1064.9519007  1704.40870143    0.
    0.            0.            0.        ]
Car 6 Uncertain Time: [   0.          485.24220756  526.03436367  534.97863558  549.97863558
  567.44288478  610.38470588  640.84779831  652.5097021   664.17160589
  684.98025793  704.08523111  748.68343735  798.26165838  854.34195795
  918.23248933  978.69735516 1087.71570224 1106.15479115 1125.25976433
 1136.96446424 1632.16644323    0.            0.            0.
    0.            0.            0.        ]
Car 7 Uncertain Time: [   0.          453.52177456  486.76331484  500.65575883  509.87530328
  527.6797971   531.80290272  554.00650604  576.21010935  602.28691897
  625.28691897  677.67966656  742.98663403  805.57257494  864.44531906
  886.58126268  913.50708671  948.84828081  975.02078547 1019.43925009
 1031.60477515 1054.45209447 1072.80965422 1092.22614206 1138.23701034
 1520.00133555    0.            0.        ]
Car 8 Uncertain Time: [   0.          752.51910275  788.25423952  807.67072736  840.56449576
  869.20013789  896.51313846  920.92624969  934.96191854  966.36255547
  983.82680467 1006.49837277 1062.21192588 1113.22172886 1174.90641091
 1198.94804147 1209.99340249 1220.81005631 1244.97614826 1279.96185963
 1301.96185963 1334.51950082 1343.73904528 1387.75040745 1397.80028307
 1412.93302902 2197.04080222    0.        ]
Car 9 Uncertain Time: [   0.          873.37162766  893.09471058  910.8992044   921.8992044
  924.8992044   981.83776778  997.64915608 1019.73987811 1105.25011142
 1195.19453871 1242.87052847 1255.51963911 1260.90480392 1292.04962692
 1303.04962692 1345.23967314 1350.62483795 1369.65113554 1407.09442599
 1442.26543678 1469.72449722 1484.14670232 1510.14670232 2365.17945023
    0.            0.            0.        ]
Car 10 Uncertain Time: [   0.          616.77386456  666.81384857  694.47248194  711.50186831
  730.91835615  748.91835615  763.13102655  790.717255    841.4912641
  892.42259041  918.42259041  947.28432979  984.40575218 1004.10346778
 1014.73361359 1049.14291466 1056.14291466 1117.82759671 1129.99312177
 1145.80451007 1162.83389644 1176.43536695 1718.10870024    0.
    0.            0.            0.        ]
Car 11 Uncertain Time: [   0.          335.63819806  368.62304307  378.0570242   382.52916016
  397.66190611  420.74869887  433.78710368  460.95325909  469.43854047
  494.27802516  524.36124308  555.42569221  610.24357251  618.30583025
  652.27640576  661.49595021  713.9649887   732.40407762  788.43978052
  853.43978052  883.58940739  937.93092006 1269.9369441     0.
    0.            0.            0.        ]
Car 12 Uncertain Time: [   0.          844.53833542  853.97231656  863.82117436  876.54909642
  888.590691    919.20114673  942.39597374  991.27337138 1036.05059773
 1073.74675138 1094.55540343 1104.85103357 1119.85103357 1155.9758173
 1162.37894154 1177.41223792 1180.24066505 1200.26564944 1224.61724076
 1247.08944582 1298.95465574 1332.19619601 2221.73765092    0.
    0.            0.            0.        ]
Car 13 Uncertain Time: [   0.          715.02517438  734.13014756  779.13014756  797.51492387
  798.51492387  827.92580621  838.97116722  844.35633203  863.77281987
  873.206801    884.38714089  893.87397387  909.52644971  927.55420609
  933.63696862  953.33468422  986.13712316 1015.81876732 1045.78541544
 1084.61839112 1102.50693494 1160.37748013 1196.72304382 1234.99836224
 1271.2337041  1327.269407   1998.18296328]
Car 14 Uncertain Time: [   0.          670.43045874  694.76150886  715.95112896  762.22207016
  771.16634207  807.52566     824.7883365   878.60283269  953.00713364
  993.79928975 1011.79928975 1043.1839994  1058.48105794 1079.85861627
 1115.91412902 1167.39227973 1193.00477668 1285.57907116 1308.98847099
 1332.24787769 1373.10127412 2055.60621915    0.            0.
    0.            0.            0.        ]
Car 15 Uncertain Time: [  0.          23.02172887  35.55169295  52.55169295  66.69382858
  99.45050728 133.68499282 142.1702742  211.52443773 240.67919721
 270.10707515 302.06016576 349.76760753 414.24240881 420.07336071
 444.26013395 466.46373726 485.33169953 517.28479014 535.31254652
 562.23837056 595.97262614 608.50259023 636.01622321   0.
   0.           0.           0.        ]
Car 16 Uncertain Time: [   0.          958.30057915 1000.18136233 1031.48631402 1058.79931459
 1079.82311063 1103.90629978 1120.45924514 1123.6215228  1141.085772
 1150.9346298  1178.9346298  1206.44826279 1215.66780724 1255.12664656
 1282.8574958  1300.321745   1323.40853776 1396.78428307 1422.41629431
 1431.01861958 1459.30289082 1474.82706552 1491.85645189 1544.25874191
 2476.83045497    0.            0.        ]
Car 17 Uncertain Time: [   0.          899.18018217  963.99530386  986.46750891 1009.46750891
 1037.89284972 1094.64670421 1123.80146369 1137.72985197 1154.22227447
 1160.62539871 1196.23438634 1225.23438634 1243.91592803 1262.16421562
 1325.19595366 1348.21768252 1358.84782833 1368.06737279 1393.36559407
 2285.44630791    0.            0.            0.            0.
    0.            0.            0.        ]
Car 18 Uncertain Time: [   0.          617.22362236  629.59293924  635.67570177  650.67570177
  673.67570177  688.23592155  731.42156731  793.10624936  799.5093736
  819.43423245  852.67577272  858.06093753  874.33975813  880.74288236
  915.22476166  927.8738723   935.48964541  954.27793964  973.30423723
  992.61744514 1026.23291777 1067.0373293  1150.04335318 1168.48244209
 1178.9227486  1793.5608535     0.        ]
Car 19 Uncertain Time: [  0.         100.88111815 148.17805252 164.82136949 172.88362724
 180.16373713 215.51907619 249.57784892 264.6111453  291.68511804
 319.84537372 341.77708592 366.61657062 396.68316337 439.4031821
 465.57568676 519.65895589 525.31581014 559.15365877 572.75512928
 590.47517443 615.1733525  629.93817556 676.11176108 784.57373598
   0.           0.           0.        ]
Car 20 Uncertain Time: [   0.          746.79046593  796.18682207  813.67967775  827.02134182
  841.33916288  886.06052243  913.26346345  943.72655587  950.79762368
 1009.6703678  1040.08418045 1075.21251659 1085.06137439 1107.26497771
 1133.20722125 1149.36271567 1164.22878442 1179.75295911 1232.52605832
 1249.73070886 1314.73070886 1343.59244823 1360.79709877 2091.33730985
    0.            0.            0.        ]
Car 21 Uncertain Time: [   0.          835.25145914  849.39359477  877.41144622  898.43524226
  944.05322117  955.71512496  964.31745023  975.71920448  992.74859085
 1012.97233926 1024.01770028 1028.1408059  1053.69467058 1058.16680654
 1070.53612341 1112.64312996 1125.2922406  1180.51904568 1226.21368432
 1262.7102595  1320.69301556 1376.13668066 2204.25382213    0.
    0.            0.            0.        ]
Car 22 Uncertain Time: [   0.          358.11311062  386.53845143  405.77383549  422.05265609
  435.05265609  464.78479358  501.28136876  525.44746071  530.83262552
  537.83262552  544.23574976  576.25137094  613.94752459  672.77778891
  702.50992641  711.72947087  751.35269638  764.00180702  776.08485299
  812.48540244  874.25918328  911.84907554  924.37903963  950.77979719
 1303.81520618    0.            0.        ]
Car 23 Uncertain Time: [   0.          807.5599049   876.43660633  923.12707645  956.96492508
  966.96492508  989.96492508  997.77517476 1018.98837819 1054.42846849
 1061.13667242 1081.75220055 1108.00101004 1134.47741463 1146.56046061
 1179.31713931 1223.70182136 1244.31734949 1264.93287761 1288.01967037
 1302.05533922 1323.59599845 1354.0098111  1405.6237627  2180.44761365
    0.            0.            0.        ]
Car 24 Uncertain Time: [   0.          259.41665328  289.03083907  302.44724694  311.66679139
  316.66679139  330.55923538  354.41295627  375.29356929  411.43219128
  468.29166719  503.64700625  523.64700625  530.35521018  569.2653631
  573.38846872  614.78895181  641.71477585  664.07545562  682.07545562
  693.73735941  703.93539844  721.62720445  757.43223203  802.03043827
  839.0844529   879.88886443 1113.85039973]
Car 25 Uncertain Time: [   0.          863.91203256  876.95043737  900.03723013  913.63870064
  935.72942267  982.85690935 1020.05905982 1069.09985916 1123.18312829
 1150.84176167 1189.79044585 1229.19856684 1256.40150786 1298.55598568
 1357.25010804 1381.27093234 1401.86219262 1422.95721573 1440.45007142
 1459.42373738 2314.78915637    0.            0.            0.
    0.            0.            0.        ]
Car 26 Uncertain Time: [   0.          463.24939288  491.03428085  505.79910392  526.67971693
  547.89292037  596.15263442  625.35879815  631.44156068  648.90580988
  660.61050979  688.12414277  708.52022083  731.19178892  756.82380016
  787.62964376  811.79573571  842.79573571  888.83919344  935.01277896
  977.55687374 1015.2132145  1038.30000726 1045.58011715 1066.19564528
 1130.60061403 1625.44200276    0.        ]
Car 27 Uncertain Time: [   0.          490.97861461  517.4550192   554.25175818  583.79833159
  600.82771795  619.21249426  637.57005401  672.4555811   716.2847951
  726.48283413  760.54160686  828.16556711  871.21205361  882.3923935
  921.95247439  938.23129498  971.83189022 1021.41011124 1035.62278165
 1056.88307327 1077.13153    1548.97154526    0.            0.
    0.            0.            0.        ]
Car 28 Uncertain Time: [   0.          708.48641483  721.29266331  745.06239195  762.06239195
  783.086188    803.70171612  807.82482175  840.94581207  906.06109446
  916.11097008  926.30900911  951.48836573  979.29124328  996.32062964
 1041.66376584 1067.15886341 1078.33920329 1084.66375861 1100.28425797
 1116.43975239 1132.93217489 1152.73116476 1158.56211666 1193.00046737
 1225.28049216 1245.40510395 1937.72367225]
Car 29 Uncertain Time: [   0.          668.09131112  679.13667214  687.73899741  714.94193843
  732.66198357  753.54259659  782.69735606  787.79637558  805.90714585
  812.31027009  846.51553285  884.52868846  896.69421352  931.47926779
  981.12803413 1019.33798048 1048.49273996 1071.0537683  1085.81859136
 1110.55722512 1133.40454443 1162.04018656 1203.81338371 1216.96633015
 1234.99408652 1271.88582002 1918.65625843]
Car 30 Uncertain Time: [   0.          845.36974159  889.77694821  898.02315947  939.07191097
  946.14297878  959.48464285  972.90105071  980.71130039 1017.38554203
 1022.38554203 1048.09546229 1065.12484866 1104.94946416 1147.9610905
 1165.98884687 1200.04761961 1240.54453307 1249.76407753 1269.68893637
 1282.68893637 1299.77694386 1316.26936636 1342.67012393 1373.26424101
 2255.3129925     0.            0.        ]
Car 31 Uncertain Time: [   0.          257.37909783  260.54137549  309.7856645   339.75231263
  347.75231263  353.58326452  375.51497672  392.27803134  443.31723196
  463.90849224  558.28009814  563.66526294  597.89974848  637.71180696
  665.78314465  682.27556715  750.2829197   776.35972932  812.13681696
  818.46137228  846.26424983  865.98733275 1086.57971703    0.
    0.            0.            0.        ]
Car 32 Uncertain Time: [   0.          570.49627519  600.91008784  623.11369115  628.11369115
  648.36214788  670.29386008  702.74382156  715.78222637  735.01761043
  776.16369165  851.85384953  863.51575332  889.069618    919.15283591
  926.36393847  947.76487302  977.78153506  981.38708634  996.61863255
 1040.03521924 1058.41999555 1616.42357977    0.            0.
    0.            0.            0.        ]
Car 33 Uncertain Time: [   0.          458.44301718  466.98702092  506.54710181  516.98740832
  535.37218463  564.49262419  572.73883544  601.39193301  629.83485831
  656.08366781  702.77413793  718.89865343  777.90712739  783.98988992
  838.32220075  882.15141475  896.91623781  914.80478163  917.96705929
  921.12933695  942.60024751  954.64184209  957.80411975 1024.09137342
 1029.92232532 1519.861097      0.        ]
Car 34 Uncertain Time: [   0.          222.32633672  247.02451479  260.91695878  272.31871303
  302.84738808  336.22402661  338.46009459  367.32183397  404.65814338
  441.53632121  477.59183396  505.89377736  551.77405634  575.18345617
  586.36379605  619.60533633  632.4115848   657.70980609  687.67645421
  697.11043535  782.81341079  835.44420026 1096.7677545     0.
    0.            0.            0.        ]
Car 35 Uncertain Time: [   0.          966.77660294 1040.45835102 1057.95120671 1067.95120671
 1104.95120671 1125.05095795 1153.22896356 1197.63617018 1210.63617018
 1228.35621533 1274.23649431 1310.45803487 1339.47527112 1398.6867565
 1435.79470713 1482.03321921 1500.06097559 1527.35566372 1588.10103391
 1612.28780716 1624.45333222 1639.013552   1667.80591209 1698.33458714
 2693.25970995    0.            0.        ]
Car 36 Uncertain Time: [   0.          595.06806333  612.87255715  628.99707265  653.69525072
  655.10946428  686.49417393  701.25899699  715.57681805  730.57681805
  756.38379386  834.21052448  848.13891276  873.37777169  876.54004935
  899.62684211  926.62684211  949.47416143  958.90814256  966.11924511
 1010.53770974 1048.27363427 1116.28098681 1148.59197565 1730.9707184
    0.            0.            0.        ]
Car 37 Uncertain Time: [   0.          805.13663437  834.20551807  878.80372432  891.3336884
  927.69300633  948.78802944 1015.84024789 1106.6367236  1116.07070473
 1126.84103434 1139.56895641 1169.3010939  1196.20834199 1216.72662652
 1243.20303111 1253.05188891 1274.68519657 1295.70899261 1326.51483621
 1337.56019723 1370.68118755 1401.56807797 1453.96082556 1459.96082556
 1468.02308331 2286.94005102    0.        ]
Car 38 Uncertain Time: [   0.         1077.03156871 1093.67488569 1129.36802228 1152.03959038
 1182.00623851 1196.77106157 1208.17281582 1246.25168135 1273.32565409
 1291.68321384 1311.53264708 1327.65716258 1340.18712666 1391.11845298
 1406.77092882 1440.77092882 1456.80214836 1494.45848913 1507.45848913
 1535.1171225  1548.53353037 1581.42729877 1594.76896284 1634.32904373
 2675.33816953    0.            0.        ]
Car 39 Uncertain Time: [   0.          248.0503981   260.13344408  308.18549919  336.64599813
  362.64599813  372.49485593  386.81267699  419.46233243  469.11109878
  478.16648391  508.64598522  527.88136928  599.19055523  631.74819642
  670.38755459  691.64784622  719.37869547  734.51144142  744.80707156
  795.25506458  801.5796199   804.40804703  821.40804703 1065.71932388
    0.            0.            0.        ]
Car 40 Uncertain Time: [   0.          652.49444442  666.63658004  678.67817462  734.57987406
  760.98063163  779.008388    820.23944426  836.64066373  856.88912046
  894.37245009  905.18910391  932.84773728  940.90999503  965.98986744
 1006.51146662 1041.86680568 1075.46740091 1087.83671779 1107.25320563
 1127.64928368 1159.89831467 1195.5073023  1203.56956005 1873.46283513
    0.            0.            0.        ]
Car 41 Uncertain Time: [   0.          677.32414692  714.76743737  724.61629517  772.65794377
  819.95487813  838.39396705  866.28661841  898.73657989  912.62902388
  975.82712512  995.14033303 1027.78998847 1050.63730778 1056.02247259
 1075.25785665 1102.77148964 1152.86140878 1171.3004977  1198.75955813
 1211.28952222 1214.45179988 1247.20847859 1265.80955383 1295.08411616
 2008.38138939    0.            0.        ]
Car 42 Uncertain Time: [   0.         1046.67712309 1072.48409889 1136.51534127 1221.95537872
 1269.75705233 1309.11438964 1368.57866463 1428.72016444 1449.31142472
 1522.47562362 1580.03428934 1591.34799784 1613.55160115 1627.58727
 1655.87154125 1728.95368681 1757.97092307 1831.13512196 1862.18347136
 1907.7246615  1952.73577124 2988.40753392    0.            0.
    0.            0.            0.        ]
Car 43 Uncertain Time: [  0.         116.6190379  150.6337406  189.46671628 218.06741557
 222.1905212  288.0540164  303.57819109 324.38684314 357.76348168
 372.32370145 387.58803898 410.06024403 411.47445759 444.7761092
 486.36937789 528.66594986 553.96417114 563.81302894 607.07964424
 633.94970193 644.76635576 686.64713894 719.93377289 750.34758554
 882.35137337   0.           0.        ]
Car 1 UncertainEnergy: [100. 100. 100. 100. 100. 100. 100. 100. 100. 100. 100. 100. 100. 100.
 100. 100. 100. 100. 100. 100. 100. 100. 100. 100. 100. 100. 100. 100.]
Car 2 UncertainEnergy: [100. 100. 100. 100. 100. 100. 100. 100. 100. 100. 100. 100. 100. 100.
 100. 100. 100. 100. 100. 100. 100. 100. 100. 100. 100.   0.   0.   0.]
Car 3 UncertainEnergy: [100. 100. 100. 100. 100. 100. 100. 100. 100. 100. 100. 100. 100. 100.
 100. 100. 100. 100. 100. 100. 100. 100. 100. 100. 100. 100.   0.   0.]
Car 4 UncertainEnergy: [100. 100. 100. 100. 100. 100. 100. 100. 100. 100. 100. 100. 100. 100.
 100. 100. 100. 100. 100. 100. 100. 100. 100. 100. 100. 100. 100. 100.]
Car 5 UncertainEnergy: [100. 100. 100. 100. 100. 100. 100. 100. 100. 100. 100. 100. 100. 100.
 100. 100. 100. 100. 100. 100. 100. 100. 100. 100.   0.   0.   0.   0.]
Car 6 UncertainEnergy: [100. 100. 100. 100. 100. 100. 100. 100. 100. 100. 100. 100. 100. 100.
 100. 100. 100. 100. 100. 100. 100. 100.   0.   0.   0.   0.   0.   0.]
Car 7 UncertainEnergy: [100. 100. 100. 100. 100. 100. 100. 100. 100. 100. 100. 100. 100. 100.
 100. 100. 100. 100. 100. 100. 100. 100. 100. 100. 100. 100.   0.   0.]
Car 8 UncertainEnergy: [100. 100. 100. 100. 100. 100. 100. 100. 100. 100. 100. 100. 100. 100.
 100. 100. 100. 100. 100. 100. 100. 100. 100. 100. 100. 100. 100.   0.]
Car 9 UncertainEnergy: [100. 100. 100. 100. 100. 100. 100. 100. 100. 100. 100. 100. 100. 100.
 100. 100. 100. 100. 100. 100. 100. 100. 100. 100. 100.   0.   0.   0.]
Car 10 UncertainEnergy: [100. 100. 100. 100. 100. 100. 100. 100. 100. 100. 100. 100. 100. 100.
 100. 100. 100. 100. 100. 100. 100. 100. 100. 100.   0.   0.   0.   0.]
Car 11 UncertainEnergy: [100. 100. 100. 100. 100. 100. 100. 100. 100. 100. 100. 100. 100. 100.
 100. 100. 100. 100. 100. 100. 100. 100. 100. 100.   0.   0.   0.   0.]
Car 12 UncertainEnergy: [100. 100. 100. 100. 100. 100. 100. 100. 100. 100. 100. 100. 100. 100.
 100. 100. 100. 100. 100. 100. 100. 100. 100. 100.   0.   0.   0.   0.]
Car 13 UncertainEnergy: [100. 100. 100. 100. 100. 100. 100. 100. 100. 100. 100. 100. 100. 100.
 100. 100. 100. 100. 100. 100. 100. 100. 100. 100. 100. 100. 100. 100.]
Car 14 UncertainEnergy: [100. 100. 100. 100. 100. 100. 100. 100. 100. 100. 100. 100. 100. 100.
 100. 100. 100. 100. 100. 100. 100. 100. 100.   0.   0.   0.   0.   0.]
Car 15 UncertainEnergy: [100. 100. 100. 100. 100. 100. 100. 100. 100. 100. 100. 100. 100. 100.
 100. 100. 100. 100. 100. 100. 100. 100. 100. 100.   0.   0.   0.   0.]
Car 16 UncertainEnergy: [100. 100. 100. 100. 100. 100. 100. 100. 100. 100. 100. 100. 100. 100.
 100. 100. 100. 100. 100. 100. 100. 100. 100. 100. 100. 100.   0.   0.]
Car 17 UncertainEnergy: [100. 100. 100. 100. 100. 100. 100. 100. 100. 100. 100. 100. 100. 100.
 100. 100. 100. 100. 100. 100. 100.   0.   0.   0.   0.   0.   0.   0.]
Car 18 UncertainEnergy: [100. 100. 100. 100. 100. 100. 100. 100. 100. 100. 100. 100. 100. 100.
 100. 100. 100. 100. 100. 100. 100. 100. 100. 100. 100. 100. 100.   0.]
Car 19 UncertainEnergy: [100. 100. 100. 100. 100. 100. 100. 100. 100. 100. 100. 100. 100. 100.
 100. 100. 100. 100. 100. 100. 100. 100. 100. 100. 100.   0.   0.   0.]
Car 20 UncertainEnergy: [100. 100. 100. 100. 100. 100. 100. 100. 100. 100. 100. 100. 100. 100.
 100. 100. 100. 100. 100. 100. 100. 100. 100. 100. 100.   0.   0.   0.]
Car 21 UncertainEnergy: [100. 100. 100. 100. 100. 100. 100. 100. 100. 100. 100. 100. 100. 100.
 100. 100. 100. 100. 100. 100. 100. 100. 100. 100.   0.   0.   0.   0.]
Car 22 UncertainEnergy: [100. 100. 100. 100. 100. 100. 100. 100. 100. 100. 100. 100. 100. 100.
 100. 100. 100. 100. 100. 100. 100. 100. 100. 100. 100. 100.   0.   0.]
Car 23 UncertainEnergy: [100. 100. 100. 100. 100. 100. 100. 100. 100. 100. 100. 100. 100. 100.
 100. 100. 100. 100. 100. 100. 100. 100. 100. 100. 100.   0.   0.   0.]
Car 24 UncertainEnergy: [100. 100. 100. 100. 100. 100. 100. 100. 100. 100. 100. 100. 100. 100.
 100. 100. 100. 100. 100. 100. 100. 100. 100. 100. 100. 100. 100. 100.]
Car 25 UncertainEnergy: [100. 100. 100. 100. 100. 100. 100. 100. 100. 100. 100. 100. 100. 100.
 100. 100. 100. 100. 100. 100. 100. 100.   0.   0.   0.   0.   0.   0.]
Car 26 UncertainEnergy: [100. 100. 100. 100. 100. 100. 100. 100. 100. 100. 100. 100. 100. 100.
 100. 100. 100. 100. 100. 100. 100. 100. 100. 100. 100. 100. 100.   0.]
Car 27 UncertainEnergy: [100. 100. 100. 100. 100. 100. 100. 100. 100. 100. 100. 100. 100. 100.
 100. 100. 100. 100. 100. 100. 100. 100. 100.   0.   0.   0.   0.   0.]
Car 28 UncertainEnergy: [100. 100. 100. 100. 100. 100. 100. 100. 100. 100. 100. 100. 100. 100.
 100. 100. 100. 100. 100. 100. 100. 100. 100. 100. 100. 100. 100. 100.]
Car 29 UncertainEnergy: [100. 100. 100. 100. 100. 100. 100. 100. 100. 100. 100. 100. 100. 100.
 100. 100. 100. 100. 100. 100. 100. 100. 100. 100. 100. 100. 100. 100.]
Car 30 UncertainEnergy: [100. 100. 100. 100. 100. 100. 100. 100. 100. 100. 100. 100. 100. 100.
 100. 100. 100. 100. 100. 100. 100. 100. 100. 100. 100. 100.   0.   0.]
Car 31 UncertainEnergy: [100. 100. 100. 100. 100. 100. 100. 100. 100. 100. 100. 100. 100. 100.
 100. 100. 100. 100. 100. 100. 100. 100. 100. 100.   0.   0.   0.   0.]
Car 32 UncertainEnergy: [100. 100. 100. 100. 100. 100. 100. 100. 100. 100. 100. 100. 100. 100.
 100. 100. 100. 100. 100. 100. 100. 100. 100.   0.   0.   0.   0.   0.]
Car 33 UncertainEnergy: [100. 100. 100. 100. 100. 100. 100. 100. 100. 100. 100. 100. 100. 100.
 100. 100. 100. 100. 100. 100. 100. 100. 100. 100. 100. 100. 100.   0.]
Car 34 UncertainEnergy: [100. 100. 100. 100. 100. 100. 100. 100. 100. 100. 100. 100. 100. 100.
 100. 100. 100. 100. 100. 100. 100. 100. 100. 100.   0.   0.   0.   0.]
Car 35 UncertainEnergy: [100. 100. 100. 100. 100. 100. 100. 100. 100. 100. 100. 100. 100. 100.
 100. 100. 100. 100. 100. 100. 100. 100. 100. 100. 100. 100.   0.   0.]
Car 36 UncertainEnergy: [100. 100. 100. 100. 100. 100. 100. 100. 100. 100. 100. 100. 100. 100.
 100. 100. 100. 100. 100. 100. 100. 100. 100. 100. 100.   0.   0.   0.]
Car 37 UncertainEnergy: [100. 100. 100. 100. 100. 100. 100. 100. 100. 100. 100. 100. 100. 100.
 100. 100. 100. 100. 100. 100. 100. 100. 100. 100. 100. 100. 100.   0.]
Car 38 UncertainEnergy: [100. 100. 100. 100. 100. 100. 100. 100. 100. 100. 100. 100. 100. 100.
 100. 100. 100. 100. 100. 100. 100. 100. 100. 100. 100. 100.   0.   0.]
Car 39 UncertainEnergy: [100. 100. 100. 100. 100. 100. 100. 100. 100. 100. 100. 100. 100. 100.
 100. 100. 100. 100. 100. 100. 100. 100. 100. 100. 100.   0.   0.   0.]
Car 40 UncertainEnergy: [100. 100. 100. 100. 100. 100. 100. 100. 100. 100. 100. 100. 100. 100.
 100. 100. 100. 100. 100. 100. 100. 100. 100. 100. 100.   0.   0.   0.]
Car 41 UncertainEnergy: [100. 100. 100. 100. 100. 100. 100. 100. 100. 100. 100. 100. 100. 100.
 100. 100. 100. 100. 100. 100. 100. 100. 100. 100. 100. 100.   0.   0.]
Car 42 UncertainEnergy: [100. 100. 100. 100. 100. 100. 100. 100. 100. 100. 100. 100. 100. 100.
 100. 100. 100. 100. 100. 100. 100. 100. 100.   0.   0.   0.   0.   0.]
Car 43 UncertainEnergy: [100. 100. 100. 100. 100. 100. 100. 100. 100. 100. 100. 100. 100. 100.
 100. 100. 100. 100. 100. 100. 100. 100. 100. 100. 100. 100.   0.   0.]
