Solver Type: Recursive
N: 1001
Cars: 43
Clustering Method: Greedy_Method
Recharge Model: ConstantRate
Cost: 80390.20040632141
Charging Stations: []
Car 1 Trajectory Node: [   0  564  395  525   38  603  718  965   95  645  209  799  450  118
   90  434  813  514  291  960  430  312 1000  200    0    0    0    0
    0]
Car 2 Trajectory Node: [  0 295  26 559 497 292 679  77 963 835 546 423 410 208 539 529 711 257
 641 896   0   0   0   0   0   0   0   0   0]
Car 3 Trajectory Node: [  0 607 143 643 167 817 694 784 867  93  88  58  85 330 243 367  62 484
 168 444 424 755 783 964   0   0   0   0   0]
Car 4 Trajectory Node: [  0 749 669 977 383 126 787  46 496 106 891 612 281 986   4 527 504 700
 426 252  30 687 503 225 233 415 161 912   0]
Car 5 Trajectory Node: [  0 593  82 731 443 188 659 892  43 247 625 668 853 418 879 692 471 761
 517 670 273 717   0   0   0   0   0   0   0]
Car 6 Trajectory Node: [  0 942 774 938 386 356 604 266 242 959 754  59 815 139  24 489 957 206
 431 186 417 969 724 561   0   0   0   0   0]
Car 7 Trajectory Node: [  0 133 980 283 812 452 728 279  89 509 578 984 103 596 708 663 265 337
 502  31 884 808 294   0   0   0   0   0   0]
Car 8 Trajectory Node: [  0  81 130  53 949 114 213 221 738 396 706 647 990 833 305 438 128 425
 616 480 548 353  65 681 907 218 313   0   0]
Car 9 Trajectory Node: [  0 160 843 778 928 904 259 526 263 821 574  72 939 310 790 285 626 288
 855 923 442 781 981 866 882   0   0   0   0]
Car 10 Trajectory Node: [  0 974 582 633 400 671 439 358 232  23 712 108 617 299 256 797 451 672
 962 785 859 581 227   0   0   0   0   0   0]
Car 11 Trajectory Node: [  0 248 306  45 201 508 277 261 171  52 262 752 727 246 925 378 397 392
 898 861 871 842 140 204 290 467   0   0   0]
Car 12 Trajectory Node: [  0 454 296  32  91   6 629 756 901 555 520 599 216 779  54 482 598 877
 829 729 448 331 973 895  50 999   0   0   0]
Car 13 Trajectory Node: [  0 112 134 270 506 830  99 983 793   5 606 462 751 255 153 384 592 122
 695  63 164  10 914 916   0   0   0   0   0]
Car 14 Trajectory Node: [  0 158 344 385 421 287 689 780 362 987 591  47 580 566 541 181 847 359
 447 264 210   0   0   0   0   0   0   0   0]
Car 15 Trajectory Node: [  0 658 408 698 664 768 662 335  18 930 505 540 958 515 876 748 236 300
 836 234 801 819   0   0   0   0   0   0   0]
Car 16 Trajectory Node: [  0 716  67 478 536 147 368  19 420 381 170  73  57 339 741 715 224 178
 997  36 449 470 477 610 189 543   0   0   0]
Car 17 Trajectory Node: [  0 920 860 387 121 550 961 530 389 326 878 631 271 235 584  97 162 848
 338 967 275 466 435   0   0   0   0   0   0]
Car 18 Trajectory Node: [  0 954 913 683 894 737 479 690 307 788 148 635 429 697 215 190 642 518
 945  68 453 274   0   0   0   0   0   0   0]
Car 19 Trajectory Node: [  0 766 187 237 816 935 151 900 735 320 865 214 988 565 345 937 852 369
  44 485 321 723 316 354 433   0   0   0   0]
Car 20 Trajectory Node: [  0 428 893 136 910 991 159 575 308 924  87 995 405 971 117  17 577 576
 173 551 726 989 404   0   0   0   0   0   0]
Car 21 Trajectory Node: [  0 792 494 280 194 952 927 739 583 719 648  27 460 703 219 745 379  39
  71 850 655 547 640 101 440   0   0   0   0]
Car 22 Trajectory Node: [  0  98 107 549 325 562 120 919 899  42 414 207 805 637 720 590  86  74
 707 722 123  21 632   0   0   0   0   0   0]
Car 23 Trajectory Node: [  0 192 573 782 269 309 251 922 609 684 182 156 100 764 272 985 810 769
 890 563 940 602 569 685   0   0   0   0   0]
Car 24 Trajectory Node: [  0 343 198 875 177  25  28  92 680 794 231 931 600 570 491 767 407 240
 839 492 775 993 753   8 469   0   0   0   0]
Car 25 Trajectory Node: [  0 500 302 327 814 888 704 249 212  78 646 333 556 370 152 885 746 608
  75 432 917 730   0   0   0   0   0   0   0]
Car 26 Trajectory Node: [  0 822 736 921 179 483 372 955 789 538 844 611 524 141  96 826 870 146
 734 571 915 806 110 557 115   0   0   0   0]
Car 27 Trajectory Node: [  0 102 154 371 856 657 970 838 475 138 311 217 365 253 317 674 226 615
 911 258 174 250 675 109 199 936   0   0   0]
Car 28 Trajectory Node: [  0  14 105 560 195 881 696 278 834 304   1 854 375 244  51 391 857 545
 144 459   0   0   0   0   0   0   0   0   0]
Car 29 Trajectory Node: [  0 411 953 409 357 554 688 605 455 709 585 172 464 874 982 534 468 364
 222 597 196 639 932 880 445 713 773   0   0]
Car 30 Trajectory Node: [  0 350 601 260  12 532 978 908  13 522 742 656 145 203 119  55 230 507
 537 457 903 873   0   0   0   0   0   0   0]
Car 31 Trajectory Node: [  0 374 929 535 202 759 229 303 906 422 238 701 456  60 586 149 394 495
 800 622 786 413 652   0   0   0   0   0   0]
Car 32 Trajectory Node: [  0 594 412 613 165 228 968 437 994 523 163 947 568 699 205 946 705 579
 975 476 828 820 351 732 558 572  33 623   0]
Car 33 Trajectory Node: [  0 493 329  34 776 714   2 979 649 324 191 851 976  35 823 883 926 651
 950 628 111 677 419 909   0   0   0   0   0]
Car 34 Trajectory Node: [  0 804 702  15 361   9 634 355 944 297  22  94 406  41 588 972 501 650
 289 533 132  80 660 301   0   0   0   0   0]
Car 35 Trajectory Node: [  0 388 869 777 795 286 654 544 721  83 667 682 393 886   3 798  66 743
 314 113 772  79  76 511 268 131  20   0   0]
Car 36 Trajectory Node: [  0 943 318 513 486 519 887 553 124 461 315 948 841 458  69 636 155 750
 807 824 864 744 488 620   0   0   0   0   0]
Car 37 Trajectory Node: [  0 872 347 661 846 516 465 686 644 363 373 334  11 342 832 758 254 862
 665 241 267 366 653 624   7 360 614   0   0]
Car 38 Trajectory Node: [  0 185 512 401 380 169 618 763 323 127 137 951 184 791 276 521 996 691
 239 348 166 193 336 666 319 849   0   0   0]
Car 39 Trajectory Node: [  0 905 619 818  64 998 542 487 150 934 956  29 803 992 845 809 157 490
 377 463 918 142 328   0   0   0   0   0   0]
Car 40 Trajectory Node: [  0  84  56 352 757 498 831 340 427 135 733 933 889 747 180 567 627 796
 941 398 725  37 183 897 771 863   0   0   0]
Car 41 Trajectory Node: [  0 868  49 693 595 837  16 436 129 630 765 760 446 474 481 673  61 441
 762 811 966 116 390 175 531 740 416   0   0]
Car 42 Trajectory Node: [  0 376 676 510 399 176 472 552 678 770 587 902 332 382 349 341 473 827
 621 223  70  40 858 403 125 589   0   0   0]
Car 43 Trajectory Node: [  0 293 245  48 298 104 802 197 840 211 402 346 825 322 499 528 284 638
 282 220 710   0   0   0   0   0   0   0   0]
Car 1 Time: [   0.          829.45102327  844.31709202  860.47258644  872.13449023
  881.98334803  906.39645926  929.06802736  959.48184001  988.55072372
 1101.7584973  1130.0604407  1153.25526771 1168.25526771 1188.25526771
 1200.29686229 1276.32317352 1322.11618609 1351.94905387 1364.47901795
 1385.07027824 1402.15828573 1412.00714353 1421.44112466 2265.97946008
    0.            0.            0.            0.        ]
Car 2 Time: [   0.          885.66020572  921.89554759  930.49787285  942.15977664
  969.08560068  996.39860125 1009.04771189 1035.46740151 1081.16204015
 1115.17674285 1133.42503044 1152.10657214 1181.10657214 1242.76693217
 1265.78866104 1276.41880685 1285.63835131 1310.93657259 1336.93657259
 2219.67096073    0.            0.            0.            0.
    0.            0.            0.            0.        ]
Car 3 Time: [   0.          316.15502526  349.9928739   359.8417317   382.86346056
  415.513116    439.21965518  474.21965518  492.6587441   555.9042973
  586.36738972  595.42277486  625.90227617  690.19068881  711.45098044
  731.69943717  761.71609921  833.02528515  865.58292634  904.22228452
  925.48257614  953.21342539  968.34617134  978.64180148 1289.833061
    0.            0.            0.            0.        ]
Car 4 Time: [   0.         1102.98866721 1115.03026179 1126.21060168 1150.29379084
 1165.52533705 1188.37265637 1217.52741584 1233.17989168 1268.78887931
 1282.39034982 1294.92031391 1318.69004256 1338.5394758  1356.89703555
 1451.26334309 1479.54761434 1493.58328319 1515.7868865  1527.100595
 1584.65926072 1669.51207447 1698.52931072 1749.94915125 1767.03715874
 1811.98156885 1863.60520685 1930.21601678 3000.88356556]
Car 5 Time: [   0.          682.29758903  692.19708397  702.395123    707.395123
  720.54806943  730.74610846  748.46615361  757.01015735  764.01015735
  793.84302513  811.33588082  824.67754488  863.69036329  874.73572431
 1069.46887505 1197.73422501 1204.80529282 1240.86080558 1268.0637466
 1309.17335618 1351.04219901 2094.57968966    0.            0.
    0.            0.            0.            0.        ]
Car 6 Time: [   0.          403.51703805  515.34279537  533.72757168  544.16787819
  573.69752431  576.85980197  588.90139655  641.70291168  649.94912293
  681.77678386  710.21970917  802.57770828  821.01679719  892.18561059
  970.12148166  981.82618157 1019.83933719 1025.67028908 1072.18910248
 1080.73310623 1106.03132751 1118.19685257 1141.39167958 1574.77026696
    0.            0.            0.            0.        ]
Car 7 Time: [   0.          488.35745105  514.52995571  543.32231581  565.45825943
  611.55598172  638.48180575  647.70135021  661.5937942   690.03671951
  694.15982513  726.11291575  757.51355268  770.04351677  787.53637245
  803.66088795  826.92029465  882.92922251  935.3219701   958.3219701
  969.3219701   991.52557341 1045.60884254 1499.1306171     0.
    0.            0.            0.            0.        ]
Car 8 Time: [   0.          675.38507535  716.57973519  735.89294311  754.9192407
  773.70753493  781.32330803  793.97241867  807.01082349  812.39598829
  828.67480889  835.07793313  854.80101605  872.26526525  893.36028836
  907.3959572   957.21563203  967.26550765 1027.57305279 1044.77770332
 1124.4771387  1157.12679414 1184.4397947  1213.07543683 1253.43630897
 1288.66413888 1306.69189526 2028.20419591    0.        ]
Car 9 Time: [   0.          701.44493725  753.32942434  771.21796816  802.6186051
  832.30024925  853.8872824   863.32126353  877.24965181  886.73648479
  902.38896063  920.41671701  926.49947954  946.19719514 1003.764547
 1057.96786793 1080.17147124 1106.74213176 1147.44839663 1195.71847017
 1244.92212857 1280.05046471 1318.32578313 1354.561125   1404.20989135
 2078.61333143    0.            0.            0.        ]
Car 10 Time: [   0.          670.43045874  693.05787573  707.48008084  728.66970094
  772.81718104  841.08137371  859.08137371  899.87352982  974.27783077
  998.44392272 1015.64857325 1044.49298345 1061.75565995 1089.61243651
 1118.47417589 1162.88138251 1223.51965425 1261.1627147  1289.60564001
 1299.60564001 1331.51175228 1340.45602419 2068.48693012    0.
    0.            0.            0.            0.        ]
Car 11 Time: [   0.          552.96292823  556.12520589  559.28748355  577.17602737
  591.94085043  630.42461324  668.08095401  686.68202925  709.48553775
  721.85485463  727.93761716  742.93761716  765.93761716  780.49783694
  818.3528234   864.45054568  955.83982295  974.27891187  984.71921838
 1011.11997594 1120.28498865 1161.07714476 1177.20166026 1230.65257232
 1236.73533485 1826.20628409    0.            0.        ]
Car 12 Time: [   0.          909.08855454  933.92803924  946.92803924  963.89860199
  973.11814644  997.44919657 1008.62953645 1022.55792473 1023.97213829
 1037.38854616 1049.47159213 1063.89379723 1097.95256997 1115.98032634
 1161.20200256 1201.01406104 1235.7991153  1259.8199396  1311.2203287
 1402.89911578 1449.41792918 1456.62903173 1487.64515657 1553.56935546
 1570.06177796 2485.8723479     0.            0.        ]
Car 13 Time: [   0.          545.38976888  653.68565985  699.0838977   751.47664529
  787.71198715  800.08130403  809.98079896  853.24741427  888.8564019
  896.91865965  916.33514749  971.56195257  983.60354715  997.74568278
 1024.81965552 1041.37260087 1121.07203625 1155.07203625 1166.73394004
 1191.3306878  1210.43566097 1231.64886441 1262.11195683 1792.63057102
    0.            0.            0.            0.        ]
Car 14 Time: [   0.          925.52363557  946.0419201   978.43018958 1008.16232708
 1020.89024914 1031.66057875 1041.09455988 1096.2398226  1150.32309173
 1177.9817251  1216.93040929 1256.33853028 1283.5414713  1311.70172698
 1348.90387746 1387.90387746 1404.18269805 1420.58391752 1434.18538803
 1472.66915084 2360.81328328    0.            0.            0.
    0.            0.            0.            0.        ]
Car 15 Time: [  0.          23.02172887  35.55169295  52.55169295  66.69382858
  99.45050728 133.68499282 142.1702742  233.47197188 262.89984982
 305.34982037 311.18077227 353.24025396 391.84077209 414.0443754
 432.91233766 464.86542828 493.09661671 507.51882181 534.44464585
 568.17890143 580.70886552 608.2224985    0.           0.
   0.           0.           0.           0.        ]
Car 16 Time: [   0.          896.53611193  916.75986035  920.88296597  946.43683065
  950.90896661  963.27828349  992.68916582 1011.71546342 1017.10062822
 1044.10062822 1079.27163901 1104.76673658 1119.18894168 1146.99181923
 1183.86999706 1194.86999706 1197.86999706 1265.47177218 1276.47177218
 1301.55164459 1306.9368094  1319.58592004 1367.2619098  1461.28318399
 1520.31707257 2418.72288288    0.            0.        ]
Car 17 Time: [   0.          905.18119733  947.61938768  964.64877404  980.17294874
 1008.45721999 1017.05954525 1039.26314857 1060.28694461 1102.83103938
 1119.38398474 1138.69719265 1156.4172378  1186.83105045 1196.05059491
 1223.56422789 1263.87551663 1291.60636588 1329.68523141 1356.08598898
 1379.17278174 1442.82810359 1458.63949189 2400.74033575    0.
    0.            0.            0.            0.        ]
Car 18 Time: [   0.          496.86416655  502.69511844  508.08028325  515.15135106
  537.10584946  559.77741756  597.47357121  615.58434149  633.9691178
  682.23919134  699.70344054  749.20091522  771.40451853  799.18940651
  821.12111871  858.22906934  864.31183187  901.96817264  937.08227237
 1001.48724112 1013.5288357  1505.53391698    0.            0.
    0.            0.            0.            0.        ]
Car 19 Time: [  0.         134.617978   171.63148904 189.35153419 202.9530047
 236.79085333 242.44770758 261.86419542 316.49019655 342.66270121
 345.82497887 388.77844206 418.84503482 443.68451951 465.61623171
 493.77648739 520.85046014 535.88375651 569.94252925 605.2978683
 612.57797819 620.64023594 637.28355292 664.1536106  678.91843366
 814.71975914   0.           0.           0.        ]
Car 20 Time: [   0.          932.98499452  996.33323838  999.1616655  1014.19496188
 1020.59808612 1042.43841579 1063.24706783 1073.54269798 1088.54269798
 1113.38218267 1127.94240245 1140.10792751 1164.29470076 1169.67986556
 1195.48684136 1259.86851578 1301.05103634 1331.57971138 1349.2715174
 1369.12095064 1391.59315569 1426.2486026  2393.02520554    0.
    0.            0.            0.            0.        ]
Car 21 Time: [   0.          475.18943591  491.31395141  519.75687671  534.62294546
  538.74605109  564.45597135  566.69203933  591.87139595  609.36425164
  625.64307223  673.73673086  771.2508324   816.17298729  826.80313311
  846.50084871  874.73203714  903.59377652  936.04373799 1007.32487154
 1025.76396046 1048.12464023 1061.12464023 1087.0861502  1149.25527437
 1629.16359895    0.            0.            0.        ]
Car 22 Time: [   0.          358.11311062  389.12923546  405.40805606  418.40805606
  448.14019355  484.63676873  524.79893999  537.44805063  549.5310966
  583.96944732  633.78912215  681.22328705  695.98811011  732.12673211
  753.33993555  822.22389594  875.82426908  888.63051755  911.65224642
  924.1822105   956.7398517   990.91586668 1371.87386961    0.
    0.            0.            0.            0.        ]
Car 23 Time: [   0.          752.51910275  779.83210332  793.43357382  796.26200095
  816.51045768  878.03281134  933.93451078  957.02130354  971.05697239
  999.65767168 1007.46792136 1030.46792136 1055.16609943 1076.79940708
 1104.0023481  1158.92046897 1189.38356139 1222.92458105 1257.33388212
 1306.25218136 1326.86770948 1350.95089864 1383.75333758 2210.66868995
    0.            0.            0.            0.        ]
Car 24 Time: [   0.          222.32633672  247.02451479  260.91695878  272.31871303
  302.84738808  336.22402661  338.46009459  362.22982324  399.28383787
  435.42245987  465.03664566  478.45305352  487.67259798  516.68983424
  552.75921183  557.75921183  593.99455369  629.46284939  670.18139554
  700.14804367  709.5820248   735.75452945  809.57864476  862.20943422
 1123.53298846    0.            0.            0.        ]
Car 25 Time: [   0.          848.5098703   857.72941476  885.90742037  930.31462699
  938.56083824  979.60958974  986.68065756 1000.02232162 1013.43872948
 1021.24897916 1057.9232208  1078.44150533 1120.03477402 1135.84616232
 1159.88779288 1201.08245273 1243.66179044 1254.47844426 1278.64453621
 1308.91002811 1330.91002811 2177.21080207    0.            0.
    0.            0.            0.            0.        ]
Car 26 Time: [   0.          174.56230979  216.15557848  250.69541056  277.56546824
  314.78105637  340.07927766  341.07927766  351.84960727  376.90953544
  412.68662308  419.0111784   446.81405595  525.81405595  565.62611443
  593.4110024   609.90342491  621.94501949  654.92986449  713.17932801
  739.25613763  787.30819274  799.39123871  820.60444214  862.19771083
 1056.08685442    0.            0.            0.        ]
Car 27 Time: [   0.          808.37615007  831.37615007  856.55550669  866.75354572
  876.80342134  882.63437324  883.63437324  902.01914955  922.01914955
  933.06451056  946.40617463  967.42997067  981.03144118 1019.92874186
 1075.00142111 1131.46379796 1166.13366961 1187.15746565 1193.48202097
 1214.0975491  1228.23968472 1260.02018189 1346.51295615 1372.00805372
 1421.66688979 2173.83841278    0.            0.        ]
Car 28 Time: [   0.          748.26532727  786.27848289  798.44400795  814.84522742
  839.90515559  865.51765254  920.73540331  965.33360955  977.86357364
 1014.22289156 1035.31791467 1066.2048051  1095.2048051  1108.24320991
 1152.08383034 1201.81309738 1223.1906557  1238.48771424 1307.37167464
 2032.93145853    0.            0.            0.            0.
    0.            0.            0.            0.        ]
Car 29 Time: [   0.          563.19534799  570.47545788  581.2457875   587.32855003
  604.79279922  616.49749913  638.63344275  664.26545399  685.66638855
  690.1385245   710.53460256  746.4372487   820.09863614  866.27222167
  893.1980457   917.36413765  957.32662005  976.43159323 1000.84470446
 1015.26690956 1045.35012748 1082.1196801  1102.73520823 1133.54105183
 1146.57945664 1204.83750329 1802.83165042    0.        ]
Car 30 Time: [  0.          78.4346862  116.90545433 150.92015703 189.75313271
 218.353832   222.47693763 288.34043283 303.86460752 324.67325957
 358.04989811 394.27143866 411.27143866 414.09986578 420.4244211
 483.70949043 498.97382796 521.44603301 522.86024657 582.26563353
 600.29338991 696.06916973 785.69617459   0.           0.
   0.           0.           0.           0.        ]
Car 31 Time: [   0.          490.97861461  519.26288585  547.89852798  600.78519927
  610.9832383   644.71749388  662.4092999   719.47943219  768.31589398
  777.74987511  784.96097766  805.08558946  837.03868007  864.62490852
  907.67139502  918.85173491  958.96407715 1012.11480621 1063.77717163
 1080.05599222 1113.65658746 1163.23480848 1656.1536659     0.
    0.            0.            0.            0.        ]
Car 32 Time: [   0.          722.91216617  728.01118569  746.12195596  752.5250802
  775.37239952  804.52715899  827.08818734  841.8530104   866.59164415
  901.97525618  928.6585843   947.09767322  997.18759236 1024.70122535
 1098.52534065 1109.57070167 1140.37654527 1160.47629651 1184.18283569
 1205.81614335 1215.66500115 1255.62748355 1308.02023114 1314.02023114
 1322.08248889 1347.53833301 1397.18709936 2182.92242376]
Car 33 Time: [   0.          857.16976148  893.16976148  903.16976148  909.87796542
  923.91363426  930.6218382   952.25514585  964.62446272  994.35660022
 1016.82880527 1039.82880527 1068.25414608 1125.00800058 1154.16276005
 1168.09114833 1184.58357083 1190.98669507 1266.94062847 1272.94062847
 1294.15383191 1312.59292082 1328.74841525 1369.7849843  2229.2743676
    0.            0.            0.            0.        ]
Car 34 Time: [   0.          304.50779957  309.89296438  347.00091501  352.8318669
  357.07450759  380.84423624  397.60729085  448.64649147  521.7081093
  541.12459714  587.13546542  633.82593554  640.53413948  660.53413948
  695.88947854  720.58765661  765.18586285  786.06647587  807.6071351
  821.49957908  857.90012853  876.87379449  880.03607215 1137.41516998
    0.            0.            0.            0.        ]
Car 35 Time: [   0.         1032.49309925 1049.98595494 1059.98595494 1079.98595494
 1103.33118999 1123.43094124 1151.60894684 1153.84501482 1196.14158679
 1208.51090366 1219.91265791 1237.63270306 1256.94591098 1283.62923911
 1319.85077966 1337.05543019 1394.30051732 1414.8917776  1471.11454879
 1530.32603416 1571.43564374 1609.23776008 1643.95087    1668.95087
 1678.43770298 1718.74899172 2753.77990913    0.        ]
Car 36 Time: [   0.          727.94299227  817.63691626  848.63691626  883.99225532
  910.24106482  926.39655924  941.26262798  961.06161786  966.89256975
  998.14956897 1004.47412429 1063.8879274  1086.90965627 1119.4365682
 1175.52578285 1209.36363148 1250.06989635 1259.12528149 1284.2051539
 1292.26741165 1319.92604502 1330.74269885 1429.45946541 2165.75560148
    0.            0.            0.            0.        ]
Car 37 Time: [   0.          635.25506688  642.46616943  664.60211305  676.26401684
  712.49935871  741.56824242  754.56824242  762.18401552  793.24846466
  801.7924684   818.88047589  823.12311658  830.93336625  863.13585063
  877.34852103  881.82065699  890.30593836  936.7063694   994.1954988
 1030.81516565 1062.83078684 1097.54389675 1198.66263883 1214.47402713
 1316.65523872 1344.72657641 1964.73383443    0.        ]
Car 38 Time: [   0.          980.83077032  995.83077032 1007.0111102  1027.135722
 1067.94013353 1081.28179759 1114.175566   1127.59197386 1155.25060724
 1168.25060724 1190.72281229 1205.48763535 1216.8893896  1254.96825513
 1312.69173389 1328.72295343 1388.26285602 1400.46941163 1411.09955745
 1517.16557462 1539.83714272 1575.53027932 1605.49692744 1627.08396059
 1655.2619662  2679.5373198     0.            0.        ]
Car 39 Time: [   0.          385.25446136  407.45806467  415.94334605  440.78283075
  464.38367819  477.422083    500.50887576  512.21357567  516.68571162
  565.77746246  596.84191159  637.15320033  673.15320033  688.15320033
  735.4501347   743.51239244  778.39791953  787.61746399  798.3877936
  849.37798874  873.72958006  902.79846377 1386.60937725    0.
    0.            0.            0.            0.        ]
Car 40 Time: [   0.          643.71810601  658.03592707  672.80075013  699.72657417
  715.85108966  745.81773779  747.23195135  779.78959254  821.22629125
  858.2398023   861.40207996  886.64093889  900.56932717  914.49771544
  933.60268862  961.60268862  994.72367894 1019.4623127  1040.48610874
 1057.48610874 1081.25583738 1094.06208586 1120.93214354 1153.38210502
 1212.07622739 1824.2077492     0.            0.        ]
Car 41 Time: [   0.          555.05044816  635.77219244  652.80157881  680.46021218
  705.95530975  714.55763501  721.76873756  748.39579148  766.42354785
  807.72730071  870.79868883  882.20044308  903.0810561   934.46576576
  962.0519942   976.26466461  994.26466461 1051.40484312 1076.95870779
 1117.81210423 1127.81210423 1200.50323161 1207.50323161 1269.18791366
 1281.35343872 1297.16482702 1859.36496932    0.        ]
Car 42 Time: [   0.          713.8522256   723.70108341  764.30896441  794.77205684
  797.9343345   810.46429858  867.077018    905.28696435  933.35830205
  971.16041839  974.32269605  978.44580168 1001.79103674 1020.23012565
 1046.03710145 1076.05376349 1098.90108281 1104.28624762 1141.44805597
 1160.76126388 1223.95936512 1237.85180911 1312.58466668 1319.86477657
 1372.21933702 2169.40062129    0.            0.        ]
Car 43 Time: [   0.          338.80377802  358.80377802  370.46568181  380.46568181
  402.82636158  429.75218562  465.65483176  498.10479324  505.91504292
  578.36502566  582.48813129  666.54763402  694.84957742  763.00381427
  769.7120182   811.68820192  820.74358706  882.13576897  905.54516879
  916.72550868 1290.57173375    0.            0.            0.
    0.            0.            0.            0.        ]
Car 1 Energy: [100. 100. 100. 100. 100. 100. 100. 100. 100. 100. 100. 100. 100. 100.
 100. 100. 100. 100. 100. 100. 100. 100. 100. 100. 100.   0.   0.   0.
   0.]
Car 2 Energy: [100. 100. 100. 100. 100. 100. 100. 100. 100. 100. 100. 100. 100. 100.
 100. 100. 100. 100. 100. 100. 100.   0.   0.   0.   0.   0.   0.   0.
   0.]
Car 3 Energy: [100. 100. 100. 100. 100. 100. 100. 100. 100. 100. 100. 100. 100. 100.
 100. 100. 100. 100. 100. 100. 100. 100. 100. 100. 100.   0.   0.   0.
   0.]
Car 4 Energy: [100. 100. 100. 100. 100. 100. 100. 100. 100. 100. 100. 100. 100. 100.
 100. 100. 100. 100. 100. 100. 100. 100. 100. 100. 100. 100. 100. 100.
 100.]
Car 5 Energy: [100. 100. 100. 100. 100. 100. 100. 100. 100. 100. 100. 100. 100. 100.
 100. 100. 100. 100. 100. 100. 100. 100. 100.   0.   0.   0.   0.   0.
   0.]
Car 6 Energy: [100. 100. 100. 100. 100. 100. 100. 100. 100. 100. 100. 100. 100. 100.
 100. 100. 100. 100. 100. 100. 100. 100. 100. 100. 100.   0.   0.   0.
   0.]
Car 7 Energy: [100. 100. 100. 100. 100. 100. 100. 100. 100. 100. 100. 100. 100. 100.
 100. 100. 100. 100. 100. 100. 100. 100. 100. 100.   0.   0.   0.   0.
   0.]
Car 8 Energy: [100. 100. 100. 100. 100. 100. 100. 100. 100. 100. 100. 100. 100. 100.
 100. 100. 100. 100. 100. 100. 100. 100. 100. 100. 100. 100. 100. 100.
   0.]
Car 9 Energy: [100. 100. 100. 100. 100. 100. 100. 100. 100. 100. 100. 100. 100. 100.
 100. 100. 100. 100. 100. 100. 100. 100. 100. 100. 100. 100.   0.   0.
   0.]
Car 10 Energy: [100. 100. 100. 100. 100. 100. 100. 100. 100. 100. 100. 100. 100. 100.
 100. 100. 100. 100. 100. 100. 100. 100. 100. 100.   0.   0.   0.   0.
   0.]
Car 11 Energy: [100. 100. 100. 100. 100. 100. 100. 100. 100. 100. 100. 100. 100. 100.
 100. 100. 100. 100. 100. 100. 100. 100. 100. 100. 100. 100. 100.   0.
   0.]
Car 12 Energy: [100. 100. 100. 100. 100. 100. 100. 100. 100. 100. 100. 100. 100. 100.
 100. 100. 100. 100. 100. 100. 100. 100. 100. 100. 100. 100. 100.   0.
   0.]
Car 13 Energy: [100. 100. 100. 100. 100. 100. 100. 100. 100. 100. 100. 100. 100. 100.
 100. 100. 100. 100. 100. 100. 100. 100. 100. 100. 100.   0.   0.   0.
   0.]
Car 14 Energy: [100. 100. 100. 100. 100. 100. 100. 100. 100. 100. 100. 100. 100. 100.
 100. 100. 100. 100. 100. 100. 100. 100.   0.   0.   0.   0.   0.   0.
   0.]
Car 15 Energy: [100. 100. 100. 100. 100. 100. 100. 100. 100. 100. 100. 100. 100. 100.
 100. 100. 100. 100. 100. 100. 100. 100. 100.   0.   0.   0.   0.   0.
   0.]
Car 16 Energy: [100. 100. 100. 100. 100. 100. 100. 100. 100. 100. 100. 100. 100. 100.
 100. 100. 100. 100. 100. 100. 100. 100. 100. 100. 100. 100. 100.   0.
   0.]
Car 17 Energy: [100. 100. 100. 100. 100. 100. 100. 100. 100. 100. 100. 100. 100. 100.
 100. 100. 100. 100. 100. 100. 100. 100. 100. 100.   0.   0.   0.   0.
   0.]
Car 18 Energy: [100. 100. 100. 100. 100. 100. 100. 100. 100. 100. 100. 100. 100. 100.
 100. 100. 100. 100. 100. 100. 100. 100. 100.   0.   0.   0.   0.   0.
   0.]
Car 19 Energy: [100. 100. 100. 100. 100. 100. 100. 100. 100. 100. 100. 100. 100. 100.
 100. 100. 100. 100. 100. 100. 100. 100. 100. 100. 100. 100.   0.   0.
   0.]
Car 20 Energy: [100. 100. 100. 100. 100. 100. 100. 100. 100. 100. 100. 100. 100. 100.
 100. 100. 100. 100. 100. 100. 100. 100. 100. 100.   0.   0.   0.   0.
   0.]
Car 21 Energy: [100. 100. 100. 100. 100. 100. 100. 100. 100. 100. 100. 100. 100. 100.
 100. 100. 100. 100. 100. 100. 100. 100. 100. 100. 100. 100.   0.   0.
   0.]
Car 22 Energy: [100. 100. 100. 100. 100. 100. 100. 100. 100. 100. 100. 100. 100. 100.
 100. 100. 100. 100. 100. 100. 100. 100. 100. 100.   0.   0.   0.   0.
   0.]
Car 23 Energy: [100. 100. 100. 100. 100. 100. 100. 100. 100. 100. 100. 100. 100. 100.
 100. 100. 100. 100. 100. 100. 100. 100. 100. 100. 100.   0.   0.   0.
   0.]
Car 24 Energy: [100. 100. 100. 100. 100. 100. 100. 100. 100. 100. 100. 100. 100. 100.
 100. 100. 100. 100. 100. 100. 100. 100. 100. 100. 100. 100.   0.   0.
   0.]
Car 25 Energy: [100. 100. 100. 100. 100. 100. 100. 100. 100. 100. 100. 100. 100. 100.
 100. 100. 100. 100. 100. 100. 100. 100. 100.   0.   0.   0.   0.   0.
   0.]
Car 26 Energy: [100. 100. 100. 100. 100. 100. 100. 100. 100. 100. 100. 100. 100. 100.
 100. 100. 100. 100. 100. 100. 100. 100. 100. 100. 100. 100.   0.   0.
   0.]
Car 27 Energy: [100. 100. 100. 100. 100. 100. 100. 100. 100. 100. 100. 100. 100. 100.
 100. 100. 100. 100. 100. 100. 100. 100. 100. 100. 100. 100. 100.   0.
   0.]
Car 28 Energy: [100. 100. 100. 100. 100. 100. 100. 100. 100. 100. 100. 100. 100. 100.
 100. 100. 100. 100. 100. 100. 100.   0.   0.   0.   0.   0.   0.   0.
   0.]
Car 29 Energy: [100. 100. 100. 100. 100. 100. 100. 100. 100. 100. 100. 100. 100. 100.
 100. 100. 100. 100. 100. 100. 100. 100. 100. 100. 100. 100. 100. 100.
   0.]
Car 30 Energy: [100. 100. 100. 100. 100. 100. 100. 100. 100. 100. 100. 100. 100. 100.
 100. 100. 100. 100. 100. 100. 100. 100. 100.   0.   0.   0.   0.   0.
   0.]
Car 31 Energy: [100. 100. 100. 100. 100. 100. 100. 100. 100. 100. 100. 100. 100. 100.
 100. 100. 100. 100. 100. 100. 100. 100. 100. 100.   0.   0.   0.   0.
   0.]
Car 32 Energy: [100. 100. 100. 100. 100. 100. 100. 100. 100. 100. 100. 100. 100. 100.
 100. 100. 100. 100. 100. 100. 100. 100. 100. 100. 100. 100. 100. 100.
 100.]
Car 33 Energy: [100. 100. 100. 100. 100. 100. 100. 100. 100. 100. 100. 100. 100. 100.
 100. 100. 100. 100. 100. 100. 100. 100. 100. 100. 100.   0.   0.   0.
   0.]
Car 34 Energy: [100. 100. 100. 100. 100. 100. 100. 100. 100. 100. 100. 100. 100. 100.
 100. 100. 100. 100. 100. 100. 100. 100. 100. 100. 100.   0.   0.   0.
   0.]
Car 35 Energy: [100. 100. 100. 100. 100. 100. 100. 100. 100. 100. 100. 100. 100. 100.
 100. 100. 100. 100. 100. 100. 100. 100. 100. 100. 100. 100. 100. 100.
   0.]
Car 36 Energy: [100. 100. 100. 100. 100. 100. 100. 100. 100. 100. 100. 100. 100. 100.
 100. 100. 100. 100. 100. 100. 100. 100. 100. 100. 100.   0.   0.   0.
   0.]
Car 37 Energy: [100. 100. 100. 100. 100. 100. 100. 100. 100. 100. 100. 100. 100. 100.
 100. 100. 100. 100. 100. 100. 100. 100. 100. 100. 100. 100. 100. 100.
   0.]
Car 38 Energy: [100. 100. 100. 100. 100. 100. 100. 100. 100. 100. 100. 100. 100. 100.
 100. 100. 100. 100. 100. 100. 100. 100. 100. 100. 100. 100. 100.   0.
   0.]
Car 39 Energy: [100. 100. 100. 100. 100. 100. 100. 100. 100. 100. 100. 100. 100. 100.
 100. 100. 100. 100. 100. 100. 100. 100. 100. 100.   0.   0.   0.   0.
   0.]
Car 40 Energy: [100. 100. 100. 100. 100. 100. 100. 100. 100. 100. 100. 100. 100. 100.
 100. 100. 100. 100. 100. 100. 100. 100. 100. 100. 100. 100. 100.   0.
   0.]
Car 41 Energy: [100. 100. 100. 100. 100. 100. 100. 100. 100. 100. 100. 100. 100. 100.
 100. 100. 100. 100. 100. 100. 100. 100. 100. 100. 100. 100. 100. 100.
   0.]
Car 42 Energy: [100. 100. 100. 100. 100. 100. 100. 100. 100. 100. 100. 100. 100. 100.
 100. 100. 100. 100. 100. 100. 100. 100. 100. 100. 100. 100. 100.   0.
   0.]
Car 43 Energy: [100. 100. 100. 100. 100. 100. 100. 100. 100. 100. 100. 100. 100. 100.
 100. 100. 100. 100. 100. 100. 100. 100.   0.   0.   0.   0.   0.   0.
   0.]
Car 1 Uncertain Time: [   0.          829.45102327  844.31709202  860.47258644  872.13449023
  881.98334803  906.39645926  929.06802736  959.48184001  988.55072372
 1101.7584973  1130.0604407  1153.25526771 1168.25526771 1188.25526771
 1200.29686229 1276.32317352 1322.11618609 1351.94905387 1364.47901795
 1385.07027824 1402.15828573 1412.00714353 1421.44112466 2265.97946008
    0.            0.            0.            0.        ]
Car 2 Uncertain Time: [   0.          885.66020572  921.89554759  930.49787285  942.15977664
  969.08560068  996.39860125 1009.04771189 1035.46740151 1081.16204015
 1115.17674285 1133.42503044 1152.10657214 1181.10657214 1242.76693217
 1265.78866104 1276.41880685 1285.63835131 1310.93657259 1336.93657259
 2219.67096073    0.            0.            0.            0.
    0.            0.            0.            0.        ]
Car 3 Uncertain Time: [   0.          316.15502526  349.9928739   359.8417317   382.86346056
  415.513116    439.21965518  474.21965518  492.6587441   555.9042973
  586.36738972  595.42277486  625.90227617  690.19068881  711.45098044
  731.69943717  761.71609921  833.02528515  865.58292634  904.22228452
  925.48257614  953.21342539  968.34617134  978.64180148 1289.833061
    0.            0.            0.            0.        ]
Car 4 Uncertain Time: [   0.         1102.98866721 1115.03026179 1126.21060168 1150.29379084
 1165.52533705 1188.37265637 1217.52741584 1233.17989168 1268.78887931
 1282.39034982 1294.92031391 1318.69004256 1338.5394758  1356.89703555
 1451.26334309 1479.54761434 1493.58328319 1515.7868865  1527.100595
 1584.65926072 1669.51207447 1698.52931072 1749.94915125 1767.03715874
 1811.98156885 1863.60520685 1930.21601678 3000.88356556]
Car 5 Uncertain Time: [   0.          682.29758903  692.19708397  702.395123    707.395123
  720.54806943  730.74610846  748.46615361  757.01015735  764.01015735
  793.84302513  811.33588082  824.67754488  863.69036329  874.73572431
 1069.46887505 1197.73422501 1204.80529282 1240.86080558 1268.0637466
 1309.17335618 1351.04219901 2094.57968966    0.            0.
    0.            0.            0.            0.        ]
Car 6 Uncertain Time: [   0.          403.51703805  515.34279537  533.72757168  544.16787819
  573.69752431  576.85980197  588.90139655  641.70291168  649.94912293
  681.77678386  710.21970917  802.57770828  821.01679719  892.18561059
  970.12148166  981.82618157 1019.83933719 1025.67028908 1072.18910248
 1080.73310623 1106.03132751 1118.19685257 1141.39167958 1574.77026696
    0.            0.            0.            0.        ]
Car 7 Uncertain Time: [   0.          488.35745105  514.52995571  543.32231581  565.45825943
  611.55598172  638.48180575  647.70135021  661.5937942   690.03671951
  694.15982513  726.11291575  757.51355268  770.04351677  787.53637245
  803.66088795  826.92029465  882.92922251  935.3219701   958.3219701
  969.3219701   991.52557341 1045.60884254 1499.1306171     0.
    0.            0.            0.            0.        ]
Car 8 Uncertain Time: [   0.          675.38507535  716.57973519  735.89294311  754.9192407
  773.70753493  781.32330803  793.97241867  807.01082349  812.39598829
  828.67480889  835.07793313  854.80101605  872.26526525  893.36028836
  907.3959572   957.21563203  967.26550765 1027.57305279 1044.77770332
 1124.4771387  1157.12679414 1184.4397947  1213.07543683 1253.43630897
 1288.66413888 1306.69189526 2028.20419591    0.        ]
Car 9 Uncertain Time: [   0.          701.44493725  753.32942434  771.21796816  802.6186051
  832.30024925  853.8872824   863.32126353  877.24965181  886.73648479
  902.38896063  920.41671701  926.49947954  946.19719514 1003.764547
 1057.96786793 1080.17147124 1106.74213176 1147.44839663 1195.71847017
 1244.92212857 1280.05046471 1318.32578313 1354.561125   1404.20989135
 2078.61333143    0.            0.            0.        ]
Car 10 Uncertain Time: [   0.          670.43045874  693.05787573  707.48008084  728.66970094
  772.81718104  841.08137371  859.08137371  899.87352982  974.27783077
  998.44392272 1015.64857325 1044.49298345 1061.75565995 1089.61243651
 1118.47417589 1162.88138251 1223.51965425 1261.1627147  1289.60564001
 1299.60564001 1331.51175228 1340.45602419 2068.48693012    0.
    0.            0.            0.            0.        ]
Car 11 Uncertain Time: [   0.          552.96292823  556.12520589  559.28748355  577.17602737
  591.94085043  630.42461324  668.08095401  686.68202925  709.48553775
  721.85485463  727.93761716  742.93761716  765.93761716  780.49783694
  818.3528234   864.45054568  955.83982295  974.27891187  984.71921838
 1011.11997594 1120.28498865 1161.07714476 1177.20166026 1230.65257232
 1236.73533485 1826.20628409    0.            0.        ]
Car 12 Uncertain Time: [   0.          909.08855454  933.92803924  946.92803924  963.89860199
  973.11814644  997.44919657 1008.62953645 1022.55792473 1023.97213829
 1037.38854616 1049.47159213 1063.89379723 1097.95256997 1115.98032634
 1161.20200256 1201.01406104 1235.7991153  1259.8199396  1311.2203287
 1402.89911578 1449.41792918 1456.62903173 1487.64515657 1553.56935546
 1570.06177796 2485.8723479     0.            0.        ]
Car 13 Uncertain Time: [   0.          545.38976888  653.68565985  699.0838977   751.47664529
  787.71198715  800.08130403  809.98079896  853.24741427  888.8564019
  896.91865965  916.33514749  971.56195257  983.60354715  997.74568278
 1024.81965552 1041.37260087 1121.07203625 1155.07203625 1166.73394004
 1191.3306878  1210.43566097 1231.64886441 1262.11195683 1792.63057102
    0.            0.            0.            0.        ]
Car 14 Uncertain Time: [   0.          925.52363557  946.0419201   978.43018958 1008.16232708
 1020.89024914 1031.66057875 1041.09455988 1096.2398226  1150.32309173
 1177.9817251  1216.93040929 1256.33853028 1283.5414713  1311.70172698
 1348.90387746 1387.90387746 1404.18269805 1420.58391752 1434.18538803
 1472.66915084 2360.81328328    0.            0.            0.
    0.            0.            0.            0.        ]
Car 15 Uncertain Time: [  0.          23.02172887  35.55169295  52.55169295  66.69382858
  99.45050728 133.68499282 142.1702742  233.47197188 262.89984982
 305.34982037 311.18077227 353.24025396 391.84077209 414.0443754
 432.91233766 464.86542828 493.09661671 507.51882181 534.44464585
 568.17890143 580.70886552 608.2224985    0.           0.
   0.           0.           0.           0.        ]
Car 16 Uncertain Time: [   0.          896.53611193  916.75986035  920.88296597  946.43683065
  950.90896661  963.27828349  992.68916582 1011.71546342 1017.10062822
 1044.10062822 1079.27163901 1104.76673658 1119.18894168 1146.99181923
 1183.86999706 1194.86999706 1197.86999706 1265.47177218 1276.47177218
 1301.55164459 1306.9368094  1319.58592004 1367.2619098  1461.28318399
 1520.31707257 2418.72288288    0.            0.        ]
Car 17 Uncertain Time: [   0.          905.18119733  947.61938768  964.64877404  980.17294874
 1008.45721999 1017.05954525 1039.26314857 1060.28694461 1102.83103938
 1119.38398474 1138.69719265 1156.4172378  1186.83105045 1196.05059491
 1223.56422789 1263.87551663 1291.60636588 1329.68523141 1356.08598898
 1379.17278174 1442.82810359 1458.63949189 2400.74033575    0.
    0.            0.            0.            0.        ]
Car 18 Uncertain Time: [   0.          496.86416655  502.69511844  508.08028325  515.15135106
  537.10584946  559.77741756  597.47357121  615.58434149  633.9691178
  682.23919134  699.70344054  749.20091522  771.40451853  799.18940651
  821.12111871  858.22906934  864.31183187  901.96817264  937.08227237
 1001.48724112 1013.5288357  1505.53391698    0.            0.
    0.            0.            0.            0.        ]
Car 19 Uncertain Time: [  0.         134.617978   171.63148904 189.35153419 202.9530047
 236.79085333 242.44770758 261.86419542 316.49019655 342.66270121
 345.82497887 388.77844206 418.84503482 443.68451951 465.61623171
 493.77648739 520.85046014 535.88375651 569.94252925 605.2978683
 612.57797819 620.64023594 637.28355292 664.1536106  678.91843366
 814.71975914   0.           0.           0.        ]
Car 20 Uncertain Time: [   0.          932.98499452  996.33323838  999.1616655  1014.19496188
 1020.59808612 1042.43841579 1063.24706783 1073.54269798 1088.54269798
 1113.38218267 1127.94240245 1140.10792751 1164.29470076 1169.67986556
 1195.48684136 1259.86851578 1301.05103634 1331.57971138 1349.2715174
 1369.12095064 1391.59315569 1426.2486026  2393.02520554    0.
    0.            0.            0.            0.        ]
Car 21 Uncertain Time: [   0.          475.18943591  491.31395141  519.75687671  534.62294546
  538.74605109  564.45597135  566.69203933  591.87139595  609.36425164
  625.64307223  673.73673086  771.2508324   816.17298729  826.80313311
  846.50084871  874.73203714  903.59377652  936.04373799 1007.32487154
 1025.76396046 1048.12464023 1061.12464023 1087.0861502  1149.25527437
 1629.16359895    0.            0.            0.        ]
Car 22 Uncertain Time: [   0.          358.11311062  389.12923546  405.40805606  418.40805606
  448.14019355  484.63676873  524.79893999  537.44805063  549.5310966
  583.96944732  633.78912215  681.22328705  695.98811011  732.12673211
  753.33993555  822.22389594  875.82426908  888.63051755  911.65224642
  924.1822105   956.7398517   990.91586668 1371.87386961    0.
    0.            0.            0.            0.        ]
Car 23 Uncertain Time: [   0.          752.51910275  779.83210332  793.43357382  796.26200095
  816.51045768  878.03281134  933.93451078  957.02130354  971.05697239
  999.65767168 1007.46792136 1030.46792136 1055.16609943 1076.79940708
 1104.0023481  1158.92046897 1189.38356139 1222.92458105 1257.33388212
 1306.25218136 1326.86770948 1350.95089864 1383.75333758 2210.66868995
    0.            0.            0.            0.        ]
Car 24 Uncertain Time: [   0.          222.32633672  247.02451479  260.91695878  272.31871303
  302.84738808  336.22402661  338.46009459  362.22982324  399.28383787
  435.42245987  465.03664566  478.45305352  487.67259798  516.68983424
  552.75921183  557.75921183  593.99455369  629.46284939  670.18139554
  700.14804367  709.5820248   735.75452945  809.57864476  862.20943422
 1123.53298846    0.            0.            0.        ]
Car 25 Uncertain Time: [   0.          848.5098703   857.72941476  885.90742037  930.31462699
  938.56083824  979.60958974  986.68065756 1000.02232162 1013.43872948
 1021.24897916 1057.9232208  1078.44150533 1120.03477402 1135.84616232
 1159.88779288 1201.08245273 1243.66179044 1254.47844426 1278.64453621
 1308.91002811 1330.91002811 2177.21080207    0.            0.
    0.            0.            0.            0.        ]
Car 26 Uncertain Time: [   0.          174.56230979  216.15557848  250.69541056  277.56546824
  314.78105637  340.07927766  341.07927766  351.84960727  376.90953544
  412.68662308  419.0111784   446.81405595  525.81405595  565.62611443
  593.4110024   609.90342491  621.94501949  654.92986449  713.17932801
  739.25613763  787.30819274  799.39123871  820.60444214  862.19771083
 1056.08685442    0.            0.            0.        ]
Car 27 Uncertain Time: [   0.          808.37615007  831.37615007  856.55550669  866.75354572
  876.80342134  882.63437324  883.63437324  902.01914955  922.01914955
  933.06451056  946.40617463  967.42997067  981.03144118 1019.92874186
 1075.00142111 1131.46379796 1166.13366961 1187.15746565 1193.48202097
 1214.0975491  1228.23968472 1260.02018189 1346.51295615 1372.00805372
 1421.66688979 2173.83841278    0.            0.        ]
Car 28 Uncertain Time: [   0.          748.26532727  786.27848289  798.44400795  814.84522742
  839.90515559  865.51765254  920.73540331  965.33360955  977.86357364
 1014.22289156 1035.31791467 1066.2048051  1095.2048051  1108.24320991
 1152.08383034 1201.81309738 1223.1906557  1238.48771424 1307.37167464
 2032.93145853    0.            0.            0.            0.
    0.            0.            0.            0.        ]
Car 29 Uncertain Time: [   0.          563.19534799  570.47545788  581.2457875   587.32855003
  604.79279922  616.49749913  638.63344275  664.26545399  685.66638855
  690.1385245   710.53460256  746.4372487   820.09863614  866.27222167
  893.1980457   917.36413765  957.32662005  976.43159323 1000.84470446
 1015.26690956 1045.35012748 1082.1196801  1102.73520823 1133.54105183
 1146.57945664 1204.83750329 1802.83165042    0.        ]
Car 30 Uncertain Time: [  0.          78.4346862  116.90545433 150.92015703 189.75313271
 218.353832   222.47693763 288.34043283 303.86460752 324.67325957
 358.04989811 394.27143866 411.27143866 414.09986578 420.4244211
 483.70949043 498.97382796 521.44603301 522.86024657 582.26563353
 600.29338991 696.06916973 785.69617459   0.           0.
   0.           0.           0.           0.        ]
Car 31 Uncertain Time: [   0.          490.97861461  519.26288585  547.89852798  600.78519927
  610.9832383   644.71749388  662.4092999   719.47943219  768.31589398
  777.74987511  784.96097766  805.08558946  837.03868007  864.62490852
  907.67139502  918.85173491  958.96407715 1012.11480621 1063.77717163
 1080.05599222 1113.65658746 1163.23480848 1656.1536659     0.
    0.            0.            0.            0.        ]
Car 32 Uncertain Time: [   0.          722.91216617  728.01118569  746.12195596  752.5250802
  775.37239952  804.52715899  827.08818734  841.8530104   866.59164415
  901.97525618  928.6585843   947.09767322  997.18759236 1024.70122535
 1098.52534065 1109.57070167 1140.37654527 1160.47629651 1184.18283569
 1205.81614335 1215.66500115 1255.62748355 1308.02023114 1314.02023114
 1322.08248889 1347.53833301 1397.18709936 2182.92242376]
Car 33 Uncertain Time: [   0.          857.16976148  893.16976148  903.16976148  909.87796542
  923.91363426  930.6218382   952.25514585  964.62446272  994.35660022
 1016.82880527 1039.82880527 1068.25414608 1125.00800058 1154.16276005
 1168.09114833 1184.58357083 1190.98669507 1266.94062847 1272.94062847
 1294.15383191 1312.59292082 1328.74841525 1369.7849843  2229.2743676
    0.            0.            0.            0.        ]
Car 34 Uncertain Time: [   0.          304.50779957  309.89296438  347.00091501  352.8318669
  357.07450759  380.84423624  397.60729085  448.64649147  521.7081093
  541.12459714  587.13546542  633.82593554  640.53413948  660.53413948
  695.88947854  720.58765661  765.18586285  786.06647587  807.6071351
  821.49957908  857.90012853  876.87379449  880.03607215 1137.41516998
    0.            0.            0.            0.        ]
Car 35 Uncertain Time: [   0.         1032.49309925 1049.98595494 1059.98595494 1079.98595494
 1103.33118999 1123.43094124 1151.60894684 1153.84501482 1196.14158679
 1208.51090366 1219.91265791 1237.63270306 1256.94591098 1283.62923911
 1319.85077966 1337.05543019 1394.30051732 1414.8917776  1471.11454879
 1530.32603416 1571.43564374 1609.23776008 1643.95087    1668.95087
 1678.43770298 1718.74899172 2753.77990913    0.        ]
Car 36 Uncertain Time: [   0.          727.94299227  817.63691626  848.63691626  883.99225532
  910.24106482  926.39655924  941.26262798  961.06161786  966.89256975
  998.14956897 1004.47412429 1063.8879274  1086.90965627 1119.4365682
 1175.52578285 1209.36363148 1250.06989635 1259.12528149 1284.2051539
 1292.26741165 1319.92604502 1330.74269885 1429.45946541 2165.75560148
    0.            0.            0.            0.        ]
Car 37 Uncertain Time: [   0.          635.25506688  642.46616943  664.60211305  676.26401684
  712.49935871  741.56824242  754.56824242  762.18401552  793.24846466
  801.7924684   818.88047589  823.12311658  830.93336625  863.13585063
  877.34852103  881.82065699  890.30593836  936.7063694   994.1954988
 1030.81516565 1062.83078684 1097.54389675 1198.66263883 1214.47402713
 1316.65523872 1344.72657641 1964.73383443    0.        ]
Car 38 Uncertain Time: [   0.          980.83077032  995.83077032 1007.0111102  1027.135722
 1067.94013353 1081.28179759 1114.175566   1127.59197386 1155.25060724
 1168.25060724 1190.72281229 1205.48763535 1216.8893896  1254.96825513
 1312.69173389 1328.72295343 1388.26285602 1400.46941163 1411.09955745
 1517.16557462 1539.83714272 1575.53027932 1605.49692744 1627.08396059
 1655.2619662  2679.5373198     0.            0.        ]
Car 39 Uncertain Time: [   0.          385.25446136  407.45806467  415.94334605  440.78283075
  464.38367819  477.422083    500.50887576  512.21357567  516.68571162
  565.77746246  596.84191159  637.15320033  673.15320033  688.15320033
  735.4501347   743.51239244  778.39791953  787.61746399  798.3877936
  849.37798874  873.72958006  902.79846377 1386.60937725    0.
    0.            0.            0.            0.        ]
Car 40 Uncertain Time: [   0.          643.71810601  658.03592707  672.80075013  699.72657417
  715.85108966  745.81773779  747.23195135  779.78959254  821.22629125
  858.2398023   861.40207996  886.64093889  900.56932717  914.49771544
  933.60268862  961.60268862  994.72367894 1019.4623127  1040.48610874
 1057.48610874 1081.25583738 1094.06208586 1120.93214354 1153.38210502
 1212.07622739 1824.2077492     0.            0.        ]
Car 41 Uncertain Time: [   0.          555.05044816  635.77219244  652.80157881  680.46021218
  705.95530975  714.55763501  721.76873756  748.39579148  766.42354785
  807.72730071  870.79868883  882.20044308  903.0810561   934.46576576
  962.0519942   976.26466461  994.26466461 1051.40484312 1076.95870779
 1117.81210423 1127.81210423 1200.50323161 1207.50323161 1269.18791366
 1281.35343872 1297.16482702 1859.36496932    0.        ]
Car 42 Uncertain Time: [   0.          713.8522256   723.70108341  764.30896441  794.77205684
  797.9343345   810.46429858  867.077018    905.28696435  933.35830205
  971.16041839  974.32269605  978.44580168 1001.79103674 1020.23012565
 1046.03710145 1076.05376349 1098.90108281 1104.28624762 1141.44805597
 1160.76126388 1223.95936512 1237.85180911 1312.58466668 1319.86477657
 1372.21933702 2169.40062129    0.            0.        ]
Car 43 Uncertain Time: [   0.          338.80377802  358.80377802  370.46568181  380.46568181
  402.82636158  429.75218562  465.65483176  498.10479324  505.91504292
  578.36502566  582.48813129  666.54763402  694.84957742  763.00381427
  769.7120182   811.68820192  820.74358706  882.13576897  905.54516879
  916.72550868 1290.57173375    0.            0.            0.
    0.            0.            0.            0.        ]
Car 1 UncertainEnergy: [100. 100. 100. 100. 100. 100. 100. 100. 100. 100. 100. 100. 100. 100.
 100. 100. 100. 100. 100. 100. 100. 100. 100. 100. 100.   0.   0.   0.
   0.]
Car 2 UncertainEnergy: [100. 100. 100. 100. 100. 100. 100. 100. 100. 100. 100. 100. 100. 100.
 100. 100. 100. 100. 100. 100. 100.   0.   0.   0.   0.   0.   0.   0.
   0.]
Car 3 UncertainEnergy: [100. 100. 100. 100. 100. 100. 100. 100. 100. 100. 100. 100. 100. 100.
 100. 100. 100. 100. 100. 100. 100. 100. 100. 100. 100.   0.   0.   0.
   0.]
Car 4 UncertainEnergy: [100. 100. 100. 100. 100. 100. 100. 100. 100. 100. 100. 100. 100. 100.
 100. 100. 100. 100. 100. 100. 100. 100. 100. 100. 100. 100. 100. 100.
 100.]
Car 5 UncertainEnergy: [100. 100. 100. 100. 100. 100. 100. 100. 100. 100. 100. 100. 100. 100.
 100. 100. 100. 100. 100. 100. 100. 100. 100.   0.   0.   0.   0.   0.
   0.]
Car 6 UncertainEnergy: [100. 100. 100. 100. 100. 100. 100. 100. 100. 100. 100. 100. 100. 100.
 100. 100. 100. 100. 100. 100. 100. 100. 100. 100. 100.   0.   0.   0.
   0.]
Car 7 UncertainEnergy: [100. 100. 100. 100. 100. 100. 100. 100. 100. 100. 100. 100. 100. 100.
 100. 100. 100. 100. 100. 100. 100. 100. 100. 100.   0.   0.   0.   0.
   0.]
Car 8 UncertainEnergy: [100. 100. 100. 100. 100. 100. 100. 100. 100. 100. 100. 100. 100. 100.
 100. 100. 100. 100. 100. 100. 100. 100. 100. 100. 100. 100. 100. 100.
   0.]
Car 9 UncertainEnergy: [100. 100. 100. 100. 100. 100. 100. 100. 100. 100. 100. 100. 100. 100.
 100. 100. 100. 100. 100. 100. 100. 100. 100. 100. 100. 100.   0.   0.
   0.]
Car 10 UncertainEnergy: [100. 100. 100. 100. 100. 100. 100. 100. 100. 100. 100. 100. 100. 100.
 100. 100. 100. 100. 100. 100. 100. 100. 100. 100.   0.   0.   0.   0.
   0.]
Car 11 UncertainEnergy: [100. 100. 100. 100. 100. 100. 100. 100. 100. 100. 100. 100. 100. 100.
 100. 100. 100. 100. 100. 100. 100. 100. 100. 100. 100. 100. 100.   0.
   0.]
Car 12 UncertainEnergy: [100. 100. 100. 100. 100. 100. 100. 100. 100. 100. 100. 100. 100. 100.
 100. 100. 100. 100. 100. 100. 100. 100. 100. 100. 100. 100. 100.   0.
   0.]
Car 13 UncertainEnergy: [100. 100. 100. 100. 100. 100. 100. 100. 100. 100. 100. 100. 100. 100.
 100. 100. 100. 100. 100. 100. 100. 100. 100. 100. 100.   0.   0.   0.
   0.]
Car 14 UncertainEnergy: [100. 100. 100. 100. 100. 100. 100. 100. 100. 100. 100. 100. 100. 100.
 100. 100. 100. 100. 100. 100. 100. 100.   0.   0.   0.   0.   0.   0.
   0.]
Car 15 UncertainEnergy: [100. 100. 100. 100. 100. 100. 100. 100. 100. 100. 100. 100. 100. 100.
 100. 100. 100. 100. 100. 100. 100. 100. 100.   0.   0.   0.   0.   0.
   0.]
Car 16 UncertainEnergy: [100. 100. 100. 100. 100. 100. 100. 100. 100. 100. 100. 100. 100. 100.
 100. 100. 100. 100. 100. 100. 100. 100. 100. 100. 100. 100. 100.   0.
   0.]
Car 17 UncertainEnergy: [100. 100. 100. 100. 100. 100. 100. 100. 100. 100. 100. 100. 100. 100.
 100. 100. 100. 100. 100. 100. 100. 100. 100. 100.   0.   0.   0.   0.
   0.]
Car 18 UncertainEnergy: [100. 100. 100. 100. 100. 100. 100. 100. 100. 100. 100. 100. 100. 100.
 100. 100. 100. 100. 100. 100. 100. 100. 100.   0.   0.   0.   0.   0.
   0.]
Car 19 UncertainEnergy: [100. 100. 100. 100. 100. 100. 100. 100. 100. 100. 100. 100. 100. 100.
 100. 100. 100. 100. 100. 100. 100. 100. 100. 100. 100. 100.   0.   0.
   0.]
Car 20 UncertainEnergy: [100. 100. 100. 100. 100. 100. 100. 100. 100. 100. 100. 100. 100. 100.
 100. 100. 100. 100. 100. 100. 100. 100. 100. 100.   0.   0.   0.   0.
   0.]
Car 21 UncertainEnergy: [100. 100. 100. 100. 100. 100. 100. 100. 100. 100. 100. 100. 100. 100.
 100. 100. 100. 100. 100. 100. 100. 100. 100. 100. 100. 100.   0.   0.
   0.]
Car 22 UncertainEnergy: [100. 100. 100. 100. 100. 100. 100. 100. 100. 100. 100. 100. 100. 100.
 100. 100. 100. 100. 100. 100. 100. 100. 100. 100.   0.   0.   0.   0.
   0.]
Car 23 UncertainEnergy: [100. 100. 100. 100. 100. 100. 100. 100. 100. 100. 100. 100. 100. 100.
 100. 100. 100. 100. 100. 100. 100. 100. 100. 100. 100.   0.   0.   0.
   0.]
Car 24 UncertainEnergy: [100. 100. 100. 100. 100. 100. 100. 100. 100. 100. 100. 100. 100. 100.
 100. 100. 100. 100. 100. 100. 100. 100. 100. 100. 100. 100.   0.   0.
   0.]
Car 25 UncertainEnergy: [100. 100. 100. 100. 100. 100. 100. 100. 100. 100. 100. 100. 100. 100.
 100. 100. 100. 100. 100. 100. 100. 100. 100.   0.   0.   0.   0.   0.
   0.]
Car 26 UncertainEnergy: [100. 100. 100. 100. 100. 100. 100. 100. 100. 100. 100. 100. 100. 100.
 100. 100. 100. 100. 100. 100. 100. 100. 100. 100. 100. 100.   0.   0.
   0.]
Car 27 UncertainEnergy: [100. 100. 100. 100. 100. 100. 100. 100. 100. 100. 100. 100. 100. 100.
 100. 100. 100. 100. 100. 100. 100. 100. 100. 100. 100. 100. 100.   0.
   0.]
Car 28 UncertainEnergy: [100. 100. 100. 100. 100. 100. 100. 100. 100. 100. 100. 100. 100. 100.
 100. 100. 100. 100. 100. 100. 100.   0.   0.   0.   0.   0.   0.   0.
   0.]
Car 29 UncertainEnergy: [100. 100. 100. 100. 100. 100. 100. 100. 100. 100. 100. 100. 100. 100.
 100. 100. 100. 100. 100. 100. 100. 100. 100. 100. 100. 100. 100. 100.
   0.]
Car 30 UncertainEnergy: [100. 100. 100. 100. 100. 100. 100. 100. 100. 100. 100. 100. 100. 100.
 100. 100. 100. 100. 100. 100. 100. 100. 100.   0.   0.   0.   0.   0.
   0.]
Car 31 UncertainEnergy: [100. 100. 100. 100. 100. 100. 100. 100. 100. 100. 100. 100. 100. 100.
 100. 100. 100. 100. 100. 100. 100. 100. 100. 100.   0.   0.   0.   0.
   0.]
Car 32 UncertainEnergy: [100. 100. 100. 100. 100. 100. 100. 100. 100. 100. 100. 100. 100. 100.
 100. 100. 100. 100. 100. 100. 100. 100. 100. 100. 100. 100. 100. 100.
 100.]
Car 33 UncertainEnergy: [100. 100. 100. 100. 100. 100. 100. 100. 100. 100. 100. 100. 100. 100.
 100. 100. 100. 100. 100. 100. 100. 100. 100. 100. 100.   0.   0.   0.
   0.]
Car 34 UncertainEnergy: [100. 100. 100. 100. 100. 100. 100. 100. 100. 100. 100. 100. 100. 100.
 100. 100. 100. 100. 100. 100. 100. 100. 100. 100. 100.   0.   0.   0.
   0.]
Car 35 UncertainEnergy: [100. 100. 100. 100. 100. 100. 100. 100. 100. 100. 100. 100. 100. 100.
 100. 100. 100. 100. 100. 100. 100. 100. 100. 100. 100. 100. 100. 100.
   0.]
Car 36 UncertainEnergy: [100. 100. 100. 100. 100. 100. 100. 100. 100. 100. 100. 100. 100. 100.
 100. 100. 100. 100. 100. 100. 100. 100. 100. 100. 100.   0.   0.   0.
   0.]
Car 37 UncertainEnergy: [100. 100. 100. 100. 100. 100. 100. 100. 100. 100. 100. 100. 100. 100.
 100. 100. 100. 100. 100. 100. 100. 100. 100. 100. 100. 100. 100. 100.
   0.]
Car 38 UncertainEnergy: [100. 100. 100. 100. 100. 100. 100. 100. 100. 100. 100. 100. 100. 100.
 100. 100. 100. 100. 100. 100. 100. 100. 100. 100. 100. 100. 100.   0.
   0.]
Car 39 UncertainEnergy: [100. 100. 100. 100. 100. 100. 100. 100. 100. 100. 100. 100. 100. 100.
 100. 100. 100. 100. 100. 100. 100. 100. 100. 100.   0.   0.   0.   0.
   0.]
Car 40 UncertainEnergy: [100. 100. 100. 100. 100. 100. 100. 100. 100. 100. 100. 100. 100. 100.
 100. 100. 100. 100. 100. 100. 100. 100. 100. 100. 100. 100. 100.   0.
   0.]
Car 41 UncertainEnergy: [100. 100. 100. 100. 100. 100. 100. 100. 100. 100. 100. 100. 100. 100.
 100. 100. 100. 100. 100. 100. 100. 100. 100. 100. 100. 100. 100. 100.
   0.]
Car 42 UncertainEnergy: [100. 100. 100. 100. 100. 100. 100. 100. 100. 100. 100. 100. 100. 100.
 100. 100. 100. 100. 100. 100. 100. 100. 100. 100. 100. 100. 100.   0.
   0.]
Car 43 UncertainEnergy: [100. 100. 100. 100. 100. 100. 100. 100. 100. 100. 100. 100. 100. 100.
 100. 100. 100. 100. 100. 100. 100. 100.   0.   0.   0.   0.   0.   0.
   0.]
